0.723929 0.000000 0.000000 0.689874 0.097749 0.158054 -0.207021 -0.102574
0.749659 0.000000 0.000000 0.661824 0.089086 0.160207 -0.203650 -0.100909
0.773097 0.000000 0.000000 0.634288 0.081110 0.161959 -0.199333 -0.098861
0.794427 0.000000 0.000000 0.607360 0.073784 0.163255 -0.194200 -0.096509
0.813822 0.000000 0.000000 0.581114 0.067065 0.164056 -0.188385 -0.093922
0.831446 0.000000 0.000000 0.555606 0.060915 0.164340 -0.182019 -0.091158
0.847448 0.000000 0.000000 0.530879 0.055294 0.164101 -0.175226 -0.088267
0.861969 0.000000 0.000000 0.506961 0.050163 0.163344 -0.168122 -0.085290
0.875139 0.000000 0.000000 0.483871 0.045484 0.162089 -0.160815 -0.082264
0.887079 0.000000 0.000000 0.461618 0.041223 0.160363 -0.153401 -0.079217
0.897897 0.000000 0.000000 0.440206 0.037345 0.158199 -0.145963 -0.076174
0.907696 0.000000 0.000000 0.419629 0.033820 0.155638 -0.138573 -0.073155
0.916568 0.000000 0.000000 0.399879 0.030616 0.152722 -0.131293 -0.070176
0.924599 0.000000 0.000000 0.380942 0.027708 0.149496 -0.124174 -0.067252
0.931866 0.000000 0.000000 0.362803 0.025069 0.146003 -0.117255 -0.064391
0.938440 0.000000 0.000000 0.345443 0.022676 0.142287 -0.110567 -0.061603
0.944386 0.000000 0.000000 0.328840 0.020507 0.138390 -0.104135 -0.058894
0.949762 0.000000 0.000000 0.312973 0.018542 0.134351 -0.097974 -0.056268
0.954623 0.000000 0.000000 0.297817 0.016762 0.130206 -0.092096 -0.053728
0.959017 0.000000 0.000000 0.283350 0.015150 0.125989 -0.086504 -0.051276
0.962988 0.000000 0.000000 0.269545 0.013691 0.121731 -0.081200 -0.048914
0.966576 0.000000 0.000000 0.256380 0.012371 0.117457 -0.076183 -0.046642
0.969818 0.000000 0.000000 0.243828 0.011178 0.113193 -0.071446 -0.044458
0.972748 0.000000 0.000000 0.231866 0.010098 0.108959 -0.066982 -0.042363
0.975394 0.000000 0.000000 0.220470 0.009121 0.104773 -0.062782 -0.040354
0.977784 0.000000 0.000000 0.209615 0.008239 0.100651 -0.058837 -0.038430
0.979943 0.000000 0.000000 0.199279 0.007441 0.096605 -0.055135 -0.036590
0.981892 0.000000 0.000000 0.189439 0.006720 0.092646 -0.051664 -0.034829
0.983653 0.000000 0.000000 0.180074 0.006068 0.088783 -0.048413 -0.033147
0.985243 0.000000 0.000000 0.171161 0.005479 0.085023 -0.045371 -0.031541
0.986679 0.000000 0.000000 0.162682 0.004948 0.081371 -0.042524 -0.030007
0.987975 0.000000 0.000000 0.154615 0.004467 0.077831 -0.039863 -0.028544
0.989145 0.000000 0.000000 0.146942 0.004033 0.074406 -0.037375 -0.027149
0.990202 0.000000 0.000000 0.139644 0.003641 0.071096 -0.035050 -0.025819
0.991156 0.000000 0.000000 0.132704 0.003287 0.067904 -0.032877 -0.024552
0.992017 0.000000 0.000000 0.126105 0.002968 0.064829 -0.030847 -0.023345
0.992794 0.000000 0.000000 0.119831 0.002679 0.061869 -0.028951 -0.022195
0.993496 0.000000 0.000000 0.113866 0.002418 0.059025 -0.027179 -0.021100
0.994130 0.000000 0.000000 0.108196 0.002183 0.056293 -0.025523 -0.020058
0.994701 0.000000 0.000000 0.102806 0.001971 0.053672 -0.023976 -0.019066
0.995218 0.000000 0.000000 0.097682 0.001779 0.051160 -0.022529 -0.018122
0.995684 0.000000 0.000000 0.092813 0.001606 0.048753 -0.021177 -0.017224
0.996104 0.000000 0.000000 0.088184 0.001449 0.046449 -0.019912 -0.016370
0.996484 0.000000 0.000000 0.083786 0.001308 0.044245 -0.018729 -0.015557
0.996826 0.000000 0.000000 0.079606 0.001181 0.042137 -0.017622 -0.014784
0.997136 0.000000 0.000000 0.075633 0.001066 0.040123 -0.016585 -0.014049
0.997415 0.000000 0.000000 0.071858 0.000962 0.038198 -0.015615 -0.013351
0.997667 0.000000 0.000000 0.068271 0.000868 0.036361 -0.014706 -0.012686
0.997894 0.000000 0.000000 0.064862 0.000784 0.034607 -0.013854 -0.012055
0.998099 0.000000 0.000000 0.061623 0.000707 0.032933 -0.013056 -0.011454
0.998285 0.000000 0.000000 0.058546 0.000638 0.031337 -0.012307 -0.010884
0.998452 0.000000 0.000000 0.055622 0.000576 0.029815 -0.011605 -0.010341
0.998603 0.000000 0.000000 0.052843 0.000520 0.028364 -0.010946 -0.009826
0.998739 0.000000 0.000000 0.050203 0.000469 0.026981 -0.010327 -0.009336
0.998862 0.000000 0.000000 0.047695 0.000424 0.025663 -0.009746 -0.008870
0.998973 0.000000 0.000000 0.045312 0.000382 0.024408 -0.009200 -0.008427
0.999073 0.000000 0.000000 0.043048 0.000345 0.023212 -0.008687 -0.008007
0.999163 0.000000 0.000000 0.040897 0.000311 0.022074 -0.008205 -0.007607
0.999245 0.000000 0.000000 0.038853 0.000281 0.020990 -0.007751 -0.007227
0.999319 0.000000 0.000000 0.036911 0.000254 0.019958 -0.007324 -0.006867
0.999385 0.000000 0.000000 0.035066 0.000229 0.018975 -0.006922 -0.006524
0.999445 0.000000 0.000000 0.033314 0.000207 0.018040 -0.006544 -0.006198
0.999499 0.000000 0.000000 0.031649 0.000186 0.017151 -0.006187 -0.005888
0.999548 0.000000 0.000000 0.030067 0.000168 0.016304 -0.005852 -0.005594
0.999592 0.000000 0.000000 0.028564 0.000152 0.015499 -0.005535 -0.005315
0.999632 0.000000 0.000000 0.027136 0.000137 0.014733 -0.005237 -0.005049
0.999668 0.000000 0.000000 0.025780 0.000124 0.014004 -0.004956 -0.004797
0.999700 0.000000 0.000000 0.024491 0.000112 0.013311 -0.004690 -0.004557
0.999729 0.000000 0.000000 0.023266 0.000101 0.012652 -0.004440 -0.004329
0.999756 0.000000 0.000000 0.022103 0.000091 0.012025 -0.004203 -0.004113
0.999780 0.000000 0.000000 0.020998 0.000082 0.011428 -0.003980 -0.003908
0.999801 0.000000 0.000000 0.019949 0.000074 0.010861 -0.003769 -0.003712
0.999820 0.000000 0.000000 0.018951 0.000067 0.010322 -0.003570 -0.003527
0.999838 0.000000 0.000000 0.018004 0.000060 0.009810 -0.003382 -0.003350
0.999854 0.000000 0.000000 0.017104 0.000054 0.009323 -0.003204 -0.003183
0.999868 0.000000 0.000000 0.016249 0.000049 0.008859 -0.003036 -0.003024
0.999881 0.000000 0.000000 0.015436 0.000044 0.008419 -0.002877 -0.002873
0.999892 0.000000 0.000000 0.014664 0.000040 0.008000 -0.002727 -0.002729
0.999903 0.000000 0.000000 0.013931 0.000036 0.007602 -0.002585 -0.002593
0.999912 0.000000 0.000000 0.013235 0.000033 0.007224 -0.002451 -0.002463
0.999921 0.000000 0.000000 0.012573 0.000029 0.006865 -0.002323 -0.002340
0.999929 0.000000 0.000000 0.011944 0.000027 0.006523 -0.002203 -0.002223
0.999936 0.000000 0.000000 0.011347 0.000024 0.006198 -0.002089 -0.002112
0.999942 0.000000 0.000000 0.010780 0.000022 0.005889 -0.001981 -0.002006
0.999948 0.000000 0.000000 0.010241 0.000020 0.005596 -0.001879 -0.001906
0.999953 0.000000 0.000000 0.009729 0.000018 0.005317 -0.001782 -0.001811
0.999957 0.000000 0.000000 0.009242 0.000016 0.005052 -0.001690 -0.001720
0.999961 0.000000 0.000000 0.008780 0.000014 0.004800 -0.001604 -0.001634
0.999965 0.000000 0.000000 0.008341 0.000013 0.004561 -0.001521 -0.001552
0.999969 0.000000 0.000000 0.007924 0.000012 0.004334 -0.001443 -0.001475
0.999972 0.000000 0.000000 0.007528 0.000011 0.004118 -0.001370 -0.001401
0.999974 0.000000 0.000000 0.007152 0.000010 0.003912 -0.001299 -0.001331
0.999977 0.000000 0.000000 0.006794 0.000009 0.003717 -0.001233 -0.001264
0.999979 0.000000 0.000000 0.006454 0.000008 0.003532 -0.001170 -0.001201
0.999981 0.000000 0.000000 0.006132 0.000007 0.003355 -0.001111 -0.001141
0.999983 0.000000 0.000000 0.005825 0.000006 0.003188 -0.001054 -0.001084
0.999985 0.000000 0.000000 0.005534 0.000006 0.003029 -0.001000 -0.001030
0.999986 0.000000 0.000000 0.005257 0.000005 0.002878 -0.000950 -0.000978
0.999988 0.000000 0.000000 0.004994 0.000005 0.002734 -0.000901 -0.000930
0.999989 0.000000 0.000000 0.004745 0.000004 0.002598 -0.000856 -0.000883
0.999990 0.000000 0.000000 0.004507 0.000004 0.002468 -0.000812 -0.000839
0.999991 0.000000 0.000000 0.004282 0.000003 0.002345 -0.000771 -0.000797
0.999992 0.000000 0.000000 0.004068 0.000003 0.002228 -0.000732 -0.000757
0.999993 0.000000 0.000000 0.003865 0.000003 0.002116 -0.000695 -0.000719
0.999993 0.000000 0.000000 0.003671 0.000003 0.002011 -0.000660 -0.000683
0.999994 0.000000 0.000000 0.003488 0.000002 0.001910 -0.000626 -0.000649
0.999995 0.000000 0.000000 0.003313 0.000002 0.001815 -0.000595 -0.000617
0.999995 0.000000 0.000000 0.003148 0.000002 0.001724 -0.000565 -0.000586
0.999996 0.000000 0.000000 0.002990 0.000002 0.001638 -0.000536 -0.000557
0.999996 0.000000 0.000000 0.002841 0.000002 0.001556 -0.000509 -0.000529
0.999996 0.000000 0.000000 0.002699 0.000001 0.001479 -0.000484 -0.000502
0.999997 0.000000 0.000000 0.002564 0.000001 0.001405 -0.000459 -0.000477
0.999997 0.000000 0.000000 0.002436 0.000001 0.001335 -0.000436 -0.000453
0.999997 0.000000 0.000000 0.002314 0.000001 0.001268 -0.000414 -0.000431
0.999998 0.000000 0.000000 0.002198 0.000001 0.001205 -0.000393 -0.000409
0.999998 0.000000 0.000000 0.002088 0.000001 0.001144 -0.000373 -0.000389
0.999998 0.000000 0.000000 0.001984 0.000001 0.001087 -0.000355 -0.000369
0.999998 0.000000 0.000000 0.001885 0.000001 0.001033 -0.000337 -0.000351
0.999998 0.000000 0.000000 0.001790 0.000001 0.000981 -0.000320 -0.000333
0.999999 0.000000 0.000000 0.001701 0.000001 0.000932 -0.000304 -0.000317
0.999999 0.000000 0.000000 0.001616 0.000000 0.000886 -0.000288 -0.000301
0.999999 0.000000 0.000000 0.001535 0.000000 0.000841 -0.000274 -0.000286
0.999999 0.000000 0.000000 0.001458 0.000000 0.000799 -0.000260 -0.000271
0.999999 0.000000 0.000000 0.001385 0.000000 0.000759 -0.000247 -0.000258
0.999999 0.000000 0.000000 0.001316 0.000000 0.000721 -0.000235 -0.000245
0.999999 0.000000 0.000000 0.001250 0.000000 0.000685 -0.000223 -0.000233
0.999999 0.000000 0.000000 0.001188 0.000000 0.000651 -0.000212 -0.000221
0.999999 0.000000 0.000000 0.001128 0.000000 0.000619 -0.000201 -0.000210
0.999999 0.000000 0.000000 0.001072 0.000000 0.000588 -0.000191 -0.000200
0.999999 0.000000 0.000000 0.001018 0.000000 0.000558 -0.000181 -0.000190
1.000000 0.000000 0.000000 0.000967 0.000000 0.000530 -0.000172 -0.000180
1.000000 0.000000 0.000000 0.000919 0.000000 0.000504 -0.000164 -0.000171
1.000000 0.000000 0.000000 0.000873 0.000000 0.000479 -0.000156 -0.000163
1.000000 0.000000 0.000000 0.000829 0.000000 0.000455 -0.000148 -0.000154
1.000000 0.000000 0.000000 0.000788 0.000000 0.000432 -0.000140 -0.000147
1.000000 0.000000 0.000000 0.000749 0.000000 0.000410 -0.000133 -0.000139
1.000000 0.000000 0.000000 0.000711 0.000000 0.000390 -0.000127 -0.000132
1.000000 0.000000 0.000000 0.000676 0.000000 0.000370 -0.000120 -0.000126
1.000000 0.000000 0.000000 0.000642 0.000000 0.000352 -0.000114 -0.000119
1.000000 0.000000 0.000000 0.000610 0.000000 0.000334 -0.000109 -0.000113
1.000000 0.000000 0.000000 0.000579 0.000000 0.000318 -0.000103 -0.000108
1.000000 0.000000 0.000000 0.000550 0.000000 0.000302 -0.000098 -0.000102
1.000000 0.000000 0.000000 0.000523 0.000000 0.000287 -0.000093 -0.000097
1.000000 0.000000 0.000000 0.000497 0.000000 0.000272 -0.000088 -0.000092
1.000000 0.000000 0.000000 0.000472 0.000000 0.000259 -0.000084 -0.000088
1.000000 0.000000 0.000000 0.000448 0.000000 0.000246 -0.000080 -0.000083
1.000000 0.000000 0.000000 0.000426 0.000000 0.000233 -0.000076 -0.000079
1.000000 0.000000 0.000000 0.000405 0.000000 0.000222 -0.000072 -0.000075
1.000000 0.000000 0.000000 0.000384 0.000000 0.000211 -0.000068 -0.000072
1.000000 0.000000 0.000000 0.000365 0.000000 0.000200 -0.000065 -0.000068
1.000000 0.000000 0.000000 0.000347 0.000000 0.000190 -0.000062 -0.000065
1.000000 0.000000 0.000000 0.000329 0.000000 0.000181 -0.000059 -0.000061
1.000000 0.000000 0.000000 0.000313 0.000000 0.000172 -0.000056 -0.000058
1.000000 0.000000 0.000000 0.000297 0.000000 0.000163 -0.000053 -0.000055
1.000000 0.000000 0.000000 0.000282 0.000000 0.000155 -0.000050 -0.000053
1.000000 0.000000 0.000000 0.000268 0.000000 0.000147 -0.000048 -0.000050
1.000000 0.000000 0.000000 0.000255 0.000000 0.000140 -0.000045 -0.000047
1.000000 0.000000 0.000000 0.000242 0.000000 0.000133 -0.000043 -0.000045
1.000000 0.000000 0.000000 0.000230 0.000000 0.000126 -0.000041 -0.000043
1.000000 0.000000 0.000000 0.000219 0.000000 0.000120 -0.000039 -0.000041
1.000000 0.000000 0.000000 0.000208 0.000000 0.000114 -0.000037 -0.000039
1.000000 0.000000 0.000000 0.000197 0.000000 0.000108 -0.000035 -0.000037
1.000000 0.000000 0.000000 0.000187 0.000000 0.000103 -0.000033 -0.000035
1.000000 0.000000 0.000000 0.000178 0.000000 0.000098 -0.000032 -0.000033
1.000000 0.000000 0.000000 0.000169 0.000000 0.000093 -0.000030 -0.000031
1.000000 0.000000 0.000000 0.000161 0.000000 0.000088 -0.000029 -0.000030
1.000000 0.000000 0.000000 0.000153 0.000000 0.000084 -0.000027 -0.000028
1.000000 0.000000 0.000000 0.000145 0.000000 0.000080 -0.000026 -0.000027
1.000000 0.000000 0.000000 0.000138 0.000000 0.000076 -0.000024 -0.000026
1.000000 0.000000 0.000000 0.000131 0.000000 0.000072 -0.000023 -0.000024
1.000000 0.000000 0.000000 0.000124 0.000000 0.000068 -0.000022 -0.000023
1.000000 0.000000 0.000000 0.000118 0.000000 0.000065 -0.000021 -0.000022
1.000000 0.000000 0.000000 0.000112 0.000000 0.000062 -0.000020 -0.000021
1.000000 0.000000 0.000000 0.000107 0.000000 0.000058 -0.000019 -0.000020
1.000000 0.000000 0.000000 0.000101 0.000000 0.000056 -0.000018 -0.000019
1.000000 0.000000 0.000000 0.000096 0.000000 0.000053 -0.000017 -0.000018
1.000000 0.000000 0.000000 0.000091 0.000000 0.000050 -0.000016 -0.000017
1.000000 0.000000 0.000000 0.000087 0.000000 0.000048 -0.000015 -0.000016
1.000000 0.000000 0.000000 0.000082 0.000000 0.000045 -0.000015 -0.000015
1.000000 0.000000 0.000000 0.000078 0.000000 0.000043 -0.000014 -0.000015
1.000000 0.000000 0.000000 0.000074 0.000000 0.000041 -0.000013 -0.000014
1.000000 0.000000 0.000000 0.000071 0.000000 0.000039 -0.000013 -0.000013
1.000000 0.000000 0.000000 0.000067 0.000000 0.000037 -0.000012 -0.000013
1.000000 0.000000 0.000000 0.000064 0.000000 0.000035 -0.000011 -0.000012
1.000000 0.000000 0.000000 0.000061 0.000000 0.000033 -0.000011 -0.000011
1.000000 0.000000 0.000000 0.000058 0.000000 0.000032 -0.000010 -0.000011
1.000000 0.000000 0.000000 0.000055 0.000000 0.000030 -0.000010 -0.000010
1.000000 0.000000 0.000000 0.000052 0.000000 0.000029 -0.000009 -0.000010
1.000000 0.000000 0.000000 0.000049 0.000000 0.000027 -0.000009 -0.000009
1.000000 0.000000 0.000000 0.000047 0.000000 0.000026 -0.000008 -0.000009
1.000000 0.000000 0.000000 0.000045 0.000000 0.000024 -0.000008 -0.000008
1.000000 0.000000 0.000000 0.000042 0.000000 0.000023 -0.000008 -0.000008
1.000000 0.000000 0.000000 0.000040 0.000000 0.000022 -0.000007 -0.000007
1.000000 0.000000 0.000000 0.000038 0.000000 0.000021 -0.000007 -0.000007
1.000000 0.000000 0.000000 0.000036 0.000000 0.000020 -0.000006 -0.000007
1.000000 0.000000 0.000000 0.000034 0.000000 0.000019 -0.000006 -0.000006
1.000000 0.000000 0.000000 0.000033 0.000000 0.000018 -0.000006 -0.000006
1.000000 0.000000 0.000000 0.000031 0.000000 0.000017 -0.000006 -0.000006
1.000000 0.000000 0.000000 0.000030 0.000000 0.000016 -0.000005 -0.000006
1.000000 0.000000 0.000000 0.000028 0.000000 0.000015 -0.000005 -0.000005
