0.724406 0.130251 1.648323
0.732097 0.120351 1.662492
0.737049 0.110004 1.675953
0.739527 0.099322 1.688741
0.739799 0.088400 1.700889
0.738127 0.077316 1.712430
0.734765 0.066135 1.723394
0.729954 0.054913 1.733809
0.723920 0.043698 1.743704
0.716869 0.032532 1.753104
0.708992 0.021455 1.762034
0.700459 0.010498 1.770518
0.691422 -0.000307 1.778577
0.682016 -0.010935 1.786233
0.672359 -0.021361 1.793507
0.662552 -0.031567 1.800417
0.652683 -0.041534 1.806981
0.642827 -0.051248 1.813218
0.633045 -0.060697 1.819142
0.623390 -0.069871 1.824770
0.613904 -0.078764 1.830117
0.604622 -0.087369 1.835196
0.595571 -0.095685 1.840022
0.586771 -0.103709 1.844606
0.578239 -0.111442 1.848961
0.569986 -0.118886 1.853098
0.562018 -0.126044 1.857029
0.554340 -0.132919 1.860762
0.546953 -0.139518 1.864310
0.539855 -0.145844 1.867679
0.533045 -0.151906 1.870881
0.526517 -0.157709 1.873922
0.520266 -0.163262 1.876811
0.514285 -0.168571 1.879556
0.508568 -0.173644 1.882163
0.503106 -0.178490 1.884640
0.497891 -0.183117 1.886994
0.492914 -0.187532 1.889229
0.488168 -0.191743 1.891353
0.483643 -0.195759 1.893371
0.479331 -0.199587 1.895287
0.475223 -0.203235 1.897108
0.471310 -0.206711 1.898838
0.467585 -0.210021 1.900482
0.464039 -0.213174 1.902043
0.460665 -0.216175 1.903526
0.457454 -0.219032 1.904935
0.454400 -0.221750 1.906273
0.451495 -0.224337 1.907545
0.448732 -0.226799 1.908753
0.446105 -0.229140 1.909901
0.443607 -0.231368 1.910991
0.441232 -0.233486 1.912027
0.438975 -0.235500 1.913011
0.436829 -0.237416 1.913945
0.434789 -0.239237 1.914833
0.432850 -0.240969 1.915677
0.431008 -0.242616 1.916478
0.429257 -0.244181 1.917240
0.427593 -0.245668 1.917963
0.426012 -0.247082 1.918650
0.424510 -0.248426 1.919303
0.423083 -0.249704 1.919923
0.421726 -0.250918 1.920512
0.420438 -0.252072 1.921072
0.419213 -0.253168 1.921604
0.418050 -0.254211 1.922109
0.416945 -0.255201 1.922588
0.415895 -0.256142 1.923044
0.414897 -0.257036 1.923477
0.413949 -0.257886 1.923889
0.413049 -0.258693 1.924280
0.412193 -0.259460 1.924651
0.411381 -0.260189 1.925004
0.410609 -0.260882 1.925339
0.409875 -0.261540 1.925657
0.409178 -0.262165 1.925959
0.408516 -0.262759 1.926247
0.407888 -0.263324 1.926520
0.407290 -0.263860 1.926779
0.406723 -0.264370 1.927025
0.406184 -0.264854 1.927259
0.405671 -0.265314 1.927482
0.405185 -0.265751 1.927693
0.404723 -0.266166 1.927893
0.404283 -0.266560 1.928084
0.403866 -0.266935 1.928265
0.403470 -0.267291 1.928437
0.403094 -0.267629 1.928601
0.402736 -0.267951 1.928756
0.402396 -0.268256 1.928903
0.402074 -0.268546 1.929043
0.401767 -0.268822 1.929177
0.401476 -0.269083 1.929303
0.401199 -0.269332 1.929423
0.400936 -0.269568 1.929537
0.400686 -0.269793 1.929646
0.400449 -0.270006 1.929749
0.400224 -0.270209 1.929846
0.400010 -0.270401 1.929939
0.399806 -0.270584 1.930028
0.399613 -0.270758 1.930112
0.399430 -0.270923 1.930191
0.399255 -0.271080 1.930267
0.399090 -0.271229 1.930339
0.398932 -0.271370 1.930407
0.398783 -0.271504 1.930472
0.398641 -0.271632 1.930534
0.398506 -0.271754 1.930592
0.398378 -0.271869 1.930648
0.398256 -0.271978 1.930701
0.398140 -0.272082 1.930751
0.398030 -0.272181 1.930799
0.397926 -0.272275 1.930844
0.397827 -0.272364 1.930887
0.397733 -0.272449 1.930928
0.397643 -0.272529 1.930967
0.397558 -0.272606 1.931004
0.397477 -0.272679 1.931039
0.397401 -0.272748 1.931072
0.397328 -0.272813 1.931104
0.397258 -0.272875 1.931134
0.397193 -0.272935 1.931163
0.397130 -0.272991 1.931190
0.397071 -0.273044 1.931216
0.397014 -0.273095 1.931240
0.396961 -0.273143 1.931263
0.396910 -0.273189 1.931285
0.396862 -0.273233 1.931306
0.396816 -0.273274 1.931326
0.396772 -0.273313 1.931345
0.396731 -0.273350 1.931363
0.396691 -0.273386 1.931380
0.396654 -0.273420 1.931397
0.396618 -0.273451 1.931412
0.396584 -0.273482 1.931427
0.396552 -0.273511 1.931441
0.396522 -0.273538 1.931454
0.396493 -0.273564 1.931467
0.396465 -0.273589 1.931479
0.396439 -0.273612 1.931490
0.396415 -0.273635 1.931501
0.396391 -0.273656 1.931511
0.396369 -0.273676 1.931521
0.396347 -0.273695 1.931530
0.396327 -0.273713 1.931539
0.396308 -0.273731 1.931547
0.396290 -0.273747 1.931555
0.396272 -0.273763 1.931562
0.396256 -0.273778 1.931570
0.396240 -0.273792 1.931576
0.396225 -0.273805 1.931583
0.396211 -0.273818 1.931589
0.396198 -0.273830 1.931595
0.396185 -0.273841 1.931600
0.396173 -0.273852 1.931606
0.396161 -0.273863 1.931611
0.396150 -0.273872 1.931615
0.396140 -0.273882 1.931620
0.396130 -0.273891 1.931624
0.396121 -0.273899 1.931628
0.396112 -0.273907 1.931632
0.396104 -0.273915 1.931636
0.396096 -0.273922 1.931639
0.396088 -0.273929 1.931643
0.396081 -0.273935 1.931646
0.396074 -0.273941 1.931649
0.396067 -0.273947 1.931652
0.396061 -0.273953 1.931654
0.396055 -0.273958 1.931657
0.396049 -0.273963 1.931659
0.396044 -0.273968 1.931662
0.396039 -0.273973 1.931664
0.396034 -0.273977 1.931666
0.396030 -0.273981 1.931668
0.396025 -0.273985 1.931670
0.396021 -0.273989 1.931671
0.396017 -0.273992 1.931673
0.396014 -0.273995 1.931675
0.396010 -0.273999 1.931676
0.396007 -0.274002 1.931678
0.396004 -0.274005 1.931679
0.396001 -0.274007 1.931680
0.395998 -0.274010 1.931682
0.395995 -0.274012 1.931683
0.395992 -0.274015 1.931684
0.395990 -0.274017 1.931685
0.395987 -0.274019 1.931686
0.395985 -0.274021 1.931687
0.395983 -0.274023 1.931688
0.395981 -0.274025 1.931689
0.395979 -0.274026 1.931690
0.395977 -0.274028 1.931691
0.395976 -0.274030 1.931691
0.395974 -0.274031 1.931692
0.395972 -0.274033 1.931693
0.395971 -0.274034 1.931693
0.395970 -0.274035 1.931694
0.395968 -0.274036 1.931694
0.395967 -0.274037 1.931695
