0.517233 -0.172152 1.648938
0.645027 0.102906 1.601506
0.267014 -0.084138 1.665630
0.450523 0.208883 1.568507
0.605403 0.058392 1.832829
0.296494 -0.084167 1.816585
0.200971 -0.093818 1.683553
0.207051 -0.066716 1.801722
0.486080 0.159763 1.489609
0.467384 0.287751 1.773563
0.586036 0.058130 1.980802
0.398246 0.139653 1.586751
0.422738 -0.276156 1.877605
0.497139 -0.009661 1.578175
0.544995 -0.186703 1.600717
0.570618 0.097618 1.903417
0.200409 -0.019885 1.911425
0.338606 0.261811 1.599667
0.701511 -0.157213 1.702728
0.458295 -0.176174 2.035993
0.209138 0.225242 1.783430
0.204436 -0.016337 1.619037
0.413927 0.290084 1.703070
0.335910 -0.000420 1.630679
0.544821 0.159523 1.897457
0.439824 0.154999 1.549931
0.386205 0.048113 1.731512
0.342952 0.067897 1.548622
0.669032 0.105566 1.594559
0.234411 0.093743 1.957189
0.359099 0.257333 1.673437
0.635289 0.180367 1.689480
0.496959 0.150984 1.956193
0.474778 -0.126003 1.869188
0.460737 -0.064464 1.967013
0.586008 0.119655 1.586468
0.415151 0.222732 1.711320
0.611475 -0.153838 1.869152
0.415094 0.000953 1.590349
0.566987 -0.226461 1.734055
0.534169 -0.256124 1.930679
0.561294 -0.270472 1.844615
0.485422 0.039078 2.013998
0.632731 0.222312 1.782380
0.396043 0.021129 1.460307
0.291376 -0.116295 1.799382
0.473079 0.016322 1.854680
0.432437 -0.095352 1.674713
0.394401 0.276842 1.647118
0.606229 0.029190 1.949513
0.328373 0.051801 1.970248
0.527733 -0.044880 1.647608
0.536952 0.048701 1.858233
0.314487 0.000036 1.806035
0.473930 -0.032775 1.713387
0.620142 0.079731 1.491413
0.263442 0.027851 1.944242
0.382006 -0.235294 1.658265
0.397247 -0.280405 1.649088
0.685648 0.087343 1.818417
0.286205 0.070135 1.815156
0.645084 -0.131983 1.638376
0.720937 0.000336 1.890608
0.337705 -0.049073 1.950493
0.255240 0.210860 1.794041
0.476542 0.247814 1.590490
0.503161 0.071533 1.809226
0.557292 -0.089868 1.573783
0.711286 -0.047662 1.886128
0.339914 -0.033992 1.560252
0.336531 0.292318 1.859542
0.488043 -0.141423 2.048717
0.509486 0.121150 1.620994
0.472028 -0.105397 1.635602
0.383294 -0.087533 1.496428
0.412769 -0.276379 1.833711
0.458658 0.091881 1.718569
0.315235 0.067815 1.855611
0.415980 -0.132430 1.770369
0.417427 0.281207 1.622943
0.612065 -0.119927 2.024726
0.257421 0.116482 1.879555
0.522149 -0.123424 1.890032
0.432558 0.157160 1.599598
0.369634 0.171582 1.529373
0.173871 -0.020057 1.908692
0.494383 -0.002023 1.526753
0.218524 0.036182 1.663987
0.429079 -0.059683 1.440080
0.277252 -0.077719 1.540766
0.603047 -0.181167 1.970543
0.391653 0.305026 1.866933
0.505413 -0.233629 1.542847
0.517130 -0.081175 1.457882
0.283433 0.090399 1.703636
0.466189 -0.238083 1.724651
0.554637 -0.266800 1.901967
0.555206 -0.106541 1.717357
0.350606 -0.077043 1.654022
0.512277 0.009145 1.909115
0.636395 0.097714 1.643334
0.397546 -0.016619 1.925268
0.440273 -0.301431 1.702620
0.223268 -0.121419 1.765034
0.459381 -0.286155 1.933853
0.384030 -0.071911 1.505754
0.593216 0.015404 1.728855
0.549954 -0.075440 1.859799
0.428237 0.287026 1.672119
0.463411 -0.212468 1.952449
0.398519 -0.080147 1.973905
0.579842 0.034519 2.050634
0.333005 -0.163647 1.688826
0.281741 0.121483 1.847692
0.282098 0.160745 1.946155
0.595614 0.171357 1.669528
0.212060 0.011743 1.917859
0.462371 0.206934 1.695199
0.594099 0.146559 1.573645
0.455162 0.066667 1.994315
0.238171 0.057451 1.602052
0.246160 0.050254 1.835396
0.593882 -0.106611 1.921286
0.468234 -0.032997 1.455367
0.377432 -0.058585 1.963445
0.672206 -0.110624 1.979640
0.394181 -0.004114 1.597996
0.581333 -0.026838 1.971479
0.379641 -0.103413 1.666875
0.541081 0.045379 2.006396
0.780830 0.001524 1.786606
0.278015 0.196570 1.923321
0.528383 0.055205 1.576828
0.446542 -0.306044 1.660834
0.359391 -0.140425 1.536100
0.328370 0.182044 1.872633
0.537815 0.158576 2.033485
0.409938 0.161003 1.657752
0.436941 0.232004 1.582547
0.597879 0.069790 1.501995
0.495681 -0.022635 1.893975
0.650038 -0.200169 1.613389
0.551075 0.070978 1.525153
0.550942 0.077035 1.764726
0.672834 0.009891 1.803873
0.466218 0.203800 1.526288
0.549859 0.225835 1.660957
0.665116 0.001983 1.646399
0.566525 0.141533 1.596236
0.342856 -0.018550 1.913028
0.626487 -0.066336 1.648790
0.167319 -0.053726 1.754815
0.577573 0.009017 1.941151
0.722614 -0.035125 1.603664
0.417153 -0.055228 1.942107
0.421149 0.269909 1.673716
0.623430 0.024150 1.963585
0.680482 0.113393 1.634254
0.470437 -0.324405 1.786504
0.359848 0.168811 2.025192
0.301880 0.132664 1.672653
0.338739 0.090425 1.776395
0.632348 -0.121346 1.784231
0.258791 0.054257 1.574189
0.500477 0.064955 1.731851
0.397613 -0.252741 1.557667
0.542775 0.041380 2.069190
0.492244 -0.140429 1.543534
0.218886 -0.027441 1.639130
0.478995 0.191360 1.990428
0.409337 -0.096170 1.928538
0.315645 0.018816 1.591235
0.591174 -0.062533 1.782774
0.266444 -0.111854 1.934001
0.208319 -0.107958 1.614690
0.406192 -0.215796 1.948522
0.396267 -0.106401 2.036917
0.639972 -0.202792 1.651653
0.683435 -0.144601 1.815849
0.322847 -0.121098 1.865426
0.405269 -0.083530 1.926073
0.437856 0.038018 1.521139
0.617645 -0.015147 1.921155
0.608237 0.032096 1.489368
0.281361 0.116247 1.936176
0.519930 0.057299 1.732818
0.762916 0.023100 1.871454
0.324383 -0.181282 1.553583
0.299726 -0.147275 1.793592
0.216367 -0.158148 1.868919
0.645486 0.244343 1.697318
0.218952 -0.043784 1.910269
0.341741 0.028771 1.734758
0.473011 -0.126942 1.801760
0.508878 -0.233951 1.905447
0.655838 -0.107963 1.529870
0.433818 0.127249 1.641300
0.687193 0.210068 1.707947
0.415256 0.143386 1.810698
0.278170 -0.118033 1.904369
0.595224 -0.145140 1.823019
0.512725 0.076798 1.936020
0.354554 -0.172526 1.911457
0.311037 0.119787 1.997131
0.575188 -0.241339 1.769008
0.313670 -0.037514 1.465347
0.422498 0.205958 1.574017
0.568146 -0.211960 1.557433
0.500554 -0.231044 1.902583
0.697704 0.195356 1.857484
0.623631 -0.211645 1.670498
0.534252 -0.101709 1.610124
0.363671 -0.038895 2.040401
0.301861 -0.173176 1.840880
0.508840 0.108227 2.012952
0.414260 0.308091 1.755949
0.283715 0.057530 1.534379
0.414011 0.087710 1.472539
0.526917 0.039366 1.654957
0.601898 0.111576 1.684486
0.211825 -0.114712 1.614021
0.406809 -0.222548 1.838714
0.313771 -0.165129 1.855100
0.604927 0.173245 1.595444
0.402963 -0.190636 1.501309
0.410947 0.043702 2.009639
0.761084 -0.028796 1.728840
0.229615 -0.229862 1.777038
0.494033 -0.196936 1.901311
0.226559 -0.095925 1.592587
0.405741 0.142171 1.889148
0.399670 0.062094 1.601309
0.457264 -0.075645 1.766755
0.397790 0.139290 1.503773
0.541217 0.001315 1.739130
0.548876 0.177912 1.826643
0.412188 0.011673 2.028410
0.526193 0.164946 2.020395
0.410720 -0.106169 1.684903
0.667821 0.174533 1.673592
0.458198 -0.283155 1.743869
0.297287 -0.070737 1.753079
0.284293 -0.018678 1.524379
0.419095 -0.191669 1.899236
0.402198 -0.006906 1.700840
0.567140 0.249105 1.735093
0.514477 -0.244016 1.726574
0.337643 0.264260 1.678824
0.348946 0.082291 1.842414
0.423625 -0.239088 1.645796
0.681494 -0.016119 1.849761
0.302613 -0.074717 1.693203
0.432817 -0.211299 1.625649
0.639571 -0.198692 1.682199
0.682979 -0.005250 1.882219
0.440845 0.291095 1.771142
0.397600 0.227479 1.704934
0.627898 -0.174421 1.685286
0.243467 0.000370 1.768566
0.561205 0.083494 1.950810
0.442354 0.054890 1.767089
0.326821 0.032714 1.938200
0.583846 -0.088870 1.525749
0.504709 0.132523 1.688169
0.700482 -0.174624 1.749025
0.324658 -0.289286 1.701591
0.416995 0.062498 1.923147
0.646388 -0.044450 1.767404
0.406072 -0.289177 1.646590
0.244835 -0.061603 1.754272
0.533532 0.156706 1.828541
0.568905 -0.017647 1.454780
0.627956 -0.116734 1.792412
0.475106 0.067870 2.045226
0.725413 -0.150405 1.707445
0.622538 0.104643 1.707432
0.249259 0.083332 1.996698
0.684779 0.151023 1.740745
0.422637 -0.226861 1.901897
0.397876 -0.299746 1.661514
0.651359 0.139409 1.649325
0.755475 -0.069503 1.671363
0.591724 0.041462 1.554375
0.493541 0.073263 1.859616
0.303577 0.036243 1.997903
0.287336 -0.102677 1.729024
0.730303 0.012003 1.709085
0.269582 -0.080593 1.529250
0.240360 0.154132 1.818559
0.401488 0.118228 1.697459
0.290761 -0.044240 2.037167
0.456370 0.080521 2.013363
0.614548 -0.048179 1.679039
0.697083 -0.219510 1.740235
0.656699 0.240194 1.789078
0.543816 0.046307 1.551402
0.688497 0.177908 1.749668
0.437766 0.276771 1.597773
0.467316 0.062632 1.762530
0.689450 -0.118112 1.867767
0.586226 0.124296 1.982456
0.329086 -0.091781 1.744078
0.523332 -0.277908 1.636215
0.529402 0.093376 1.608223
0.445821 -0.177315 1.583395
0.239330 -0.125352 1.739621
0.209454 -0.175208 1.692932
0.532065 -0.269662 1.806360
0.195098 0.009476 1.675533
0.504385 -0.006900 1.783845
0.323773 -0.113214 1.713838
0.541152 0.216031 1.696053
0.287988 0.069541 1.575082
0.248310 -0.146005 1.685882
0.569637 0.124343 1.821590
0.307531 0.082085 1.972005
0.540775 -0.242204 1.885895
0.333569 0.227064 1.823850
0.260593 -0.180460 1.967852
0.412588 0.294232 1.723893
0.137376 -0.013936 1.710859
0.259181 0.182238 1.813675
0.249360 0.078581 1.884074
0.246787 0.238334 1.652561
0.240828 0.001358 1.628141
0.381516 0.301276 1.708068
0.276153 -0.249862 1.789583
0.239371 -0.075741 1.897938
0.453231 -0.136460 1.584820
0.368486 0.071497 2.040699
0.690598 -0.157749 1.798439
0.316477 0.164495 1.805522
0.665091 -0.009028 1.737227
0.317745 0.100424 1.490877
0.710334 -0.196024 1.797958
0.345710 0.054200 1.836828
0.618399 -0.167547 1.960958
0.493251 0.206439 1.657995
0.182846 -0.131234 1.720439
0.455360 -0.090436 1.977444
0.423781 0.096813 1.975454
0.412746 0.268743 1.932312
0.731252 -0.062280 1.829079
0.670007 0.173807 1.785812
0.740986 -0.055216 1.647818
0.295343 0.238423 1.633546
0.427988 0.307799 1.870556
0.225672 -0.170777 1.899888
0.385418 0.173505 1.528032
0.703932 -0.039461 1.745052
0.613727 -0.198402 1.682272
0.446369 0.195466 1.809425
0.392853 0.117516 1.905044
0.245150 0.081994 1.927940
0.558718 -0.196366 1.637872
0.479679 -0.087309 1.557699
0.542202 0.147181 1.991616
0.356157 0.184101 1.956169
0.326135 -0.149165 2.031264
0.317940 -0.214590 1.839621
0.561570 0.044946 1.772902
0.240343 0.203520 1.810305
0.691578 -0.040720 1.559991
0.400868 0.203715 1.508772
0.508362 0.202602 1.611896
0.235293 0.035227 1.616814
0.714189 0.007279 1.935745
0.414223 0.276942 1.626095
0.280540 0.254055 1.892344
0.183057 -0.179506 1.809733
0.295029 -0.140991 1.784096
0.279312 -0.000831 1.686850
0.540425 -0.275959 1.915494
0.261225 -0.196523 1.793768
0.595983 -0.208000 1.804893
0.609743 -0.251893 1.812607
0.385942 -0.060338 1.710983
0.544319 -0.109132 1.780658
0.123630 -0.019941 1.786362
0.521076 0.033238 2.085757
0.541729 0.059442 1.683909
0.206256 0.091824 1.802189
0.288922 0.206640 1.845020
0.521508 -0.227631 1.710426
0.568846 0.201089 1.570638
0.365435 -0.090856 1.576569
0.194946 0.037058 1.653155
0.275549 0.049440 1.697549
0.483036 -0.254115 1.663635
0.193499 0.055837 1.747314
0.387634 0.034144 1.590125
0.621616 0.167299 1.940819
0.450628 0.079307 2.032520
0.319829 -0.214246 1.801980
0.741464 0.128446 1.760563
0.439409 -0.249973 1.802615
0.582881 0.111204 1.826872
0.217668 0.186728 1.868245
0.719867 -0.179882 1.839446
0.497148 -0.069899 1.760330
0.425803 0.073960 1.903001
0.664495 0.102420 1.927804
0.508604 0.322654 1.795603
0.460244 -0.271324 1.855116
0.527706 -0.084972 1.639705
0.571848 0.116816 1.987242
0.342510 -0.291218 1.737030
0.571486 0.208140 1.972969
0.220684 0.181363 1.689477
0.400285 -0.270499 1.717784
0.329153 0.038732 1.681886
0.147141 0.114637 1.694639
0.508645 0.304578 1.657458
0.454137 -0.253405 1.937684
0.606731 0.103164 1.531790
0.574520 -0.155577 1.681374
0.431031 0.192397 1.961105
0.663043 0.233388 1.794368
0.305098 -0.106820 1.828398
0.416209 0.048681 1.911391
0.494427 -0.093828 1.589447
0.617112 -0.024521 2.039417
0.558021 -0.239114 1.964077
0.380738 -0.045116 1.566258
0.677683 -0.064797 1.647439
0.329963 0.073383 1.859265
0.656269 0.027466 1.558120
0.412226 0.191060 1.891360
0.229023 -0.234106 1.828803
0.517803 -0.208755 1.651784
0.395345 0.274056 1.783594
0.646677 -0.142812 1.782204
0.457802 -0.082956 1.913019
0.338976 -0.005340 1.929981
0.707660 -0.131455 1.887867
0.581546 0.004683 1.483082
0.249914 0.007325 2.019984
0.724157 -0.014236 1.663349
0.229392 -0.054034 1.611705
0.289971 -0.102595 1.915113
0.331665 0.271941 1.877645
0.608661 -0.006182 1.769894
0.510745 0.119912 1.840916
0.445335 0.154830 1.839024
0.369887 -0.015089 1.888183
0.617640 -0.094026 2.018772
0.287972 0.012589 1.612901
0.341323 0.037990 2.051541
0.224835 0.127561 1.897109
0.516459 0.147020 1.771574
0.529371 -0.267653 1.904738
0.288341 -0.151333 1.746755
0.210337 -0.062472 1.549692
0.296232 0.053162 1.896660
0.540185 -0.080979 1.903136
0.659818 -0.092670 1.562819
0.502589 -0.279364 1.646467
0.411979 0.295945 1.869887
0.583797 0.099378 1.864860
0.451810 0.122807 1.896989
0.601808 0.000206 1.744970
0.217619 -0.176890 1.788096
0.530304 0.212143 1.892031
0.516915 -0.014929 1.674891
0.647332 -0.028956 1.937098
0.569200 -0.132730 1.706305
0.427332 0.029827 1.790410
0.375862 -0.216305 1.616237
0.402427 -0.138746 1.552991
0.521231 0.115864 1.579829
0.150274 0.048620 1.719568
0.370236 0.098275 1.861927
0.340007 0.292687 1.764946
0.266468 -0.056128 1.493026
0.529228 -0.034789 1.884206
0.722483 -0.064863 1.901545
0.271395 0.221375 1.884308
0.515234 0.292477 1.711334
0.624774 0.011495 1.583224
0.161699 -0.024511 1.699122
0.548626 0.274181 1.752916
0.407087 0.136120 2.011362
0.166173 0.149125 1.730313
0.170470 -0.056163 1.691327
0.308341 -0.214527 1.787403
0.309062 0.094748 1.735974
0.469134 -0.182829 1.507575
0.567563 -0.008279 1.924068
0.674443 -0.106660 1.551220
0.709767 -0.097748 1.621411
0.575925 0.001193 1.801610
0.277333 -0.194258 1.580321
0.518264 -0.068244 1.463911
0.461624 -0.025983 2.004806
0.373383 -0.182833 1.735947
0.330946 0.172890 1.938697
0.524267 -0.037238 1.466657
0.430283 -0.032132 1.681996
0.331289 -0.275803 1.849816
0.461711 -0.155768 2.034303
0.586494 -0.217196 1.559195
0.397526 -0.155175 1.857497
0.524102 0.246338 1.649148
0.470005 0.100166 1.583330
0.579040 -0.078601 1.906488
0.593360 -0.064651 1.652766
0.585250 0.113281 1.788045
0.654896 0.086400 1.899034
0.600033 0.066900 1.783245
0.541674 -0.223485 1.893896
0.300520 -0.158903 1.661495
0.601529 0.015125 1.553312
0.525536 -0.226680 1.936168
0.323462 0.146298 1.987280
0.313650 -0.095080 1.981162
0.671137 -0.010653 1.730685
0.461554 -0.192294 1.817547
0.546914 -0.093969 2.013767
0.154531 -0.019695 1.725315
0.574334 -0.005256 1.624607
0.266657 0.185054 1.611804
0.529724 0.052525 1.548093
0.531173 0.279528 1.909463
0.595314 0.126750 1.527442
0.484751 0.276543 1.595293
0.661947 -0.021045 1.875540
0.387787 -0.011851 1.625482
0.280305 0.080829 1.766228
0.358089 0.167094 1.505041
0.315130 0.097494 1.845161
0.292176 0.281708 1.837935
0.467667 0.034442 1.503162
0.339659 0.046616 1.802642
0.628598 -0.170071 1.589066
0.358403 -0.195305 1.667337
0.348632 0.125249 1.549702
0.537002 -0.033870 1.906285
0.652220 0.025903 1.802335
0.502467 0.240740 1.806173
0.420537 -0.063362 1.993772
0.454430 0.083982 2.041580
0.659492 0.018248 1.598324
0.579979 -0.278715 1.891006
0.529186 0.013315 1.821903
0.440574 -0.206973 1.847114
0.482112 -0.028102 1.573883
0.304004 -0.056358 1.556613
0.371997 -0.036730 1.540187
0.715076 0.030210 1.699906
0.180871 -0.058143 1.752806
0.341144 -0.090264 1.790979
0.494144 0.256112 1.655435
0.318977 -0.040886 1.576243
0.257114 -0.013694 1.813794
0.510622 0.067242 1.549253
0.575279 0.139680 1.976530
0.449954 0.049782 1.978982
0.602933 -0.153978 1.809680
0.300879 0.181776 1.562368
0.444131 -0.073858 1.579883
0.643450 -0.161046 1.658164
0.407173 0.112325 1.610270
0.227438 -0.201498 1.697196
0.546965 0.004597 1.784989
0.259490 -0.084249 1.650091
0.423819 0.062104 2.058658
0.260920 -0.020778 1.850616
0.328463 0.030498 1.990687
0.233542 -0.111711 1.767394
0.291092 0.042384 1.800146
0.541881 0.010495 1.528748
0.259856 0.183373 1.880489
0.534608 0.016391 1.915053
0.286962 -0.025157 1.659417
0.497064 -0.012111 1.634631
0.565259 -0.214665 1.788598
0.716752 -0.038264 1.580200
0.154229 -0.150273 1.734610
0.487815 -0.020320 1.789466
0.345508 -0.209049 1.990131
0.438930 -0.049734 1.464993
0.295367 0.182962 1.742018
0.442750 0.222223 1.817836
0.265604 -0.070128 1.808140
0.482865 -0.075713 1.889348
0.735312 -0.100373 1.814715
0.676546 0.012576 1.823862
0.672157 -0.054607 1.604174
0.506021 -0.179008 1.769349
0.689050 -0.172624 1.754256
0.352983 -0.280017 1.690419
0.562602 -0.144377 1.776684
0.675294 0.149452 1.649173
0.562030 -0.082239 1.669627
0.235203 0.005122 1.741751
0.504017 -0.038341 1.633683
0.295886 0.081575 1.629404
0.352663 0.196017 1.548411
0.437843 -0.050988 1.962248
0.236469 -0.215940 1.775844
0.228341 -0.149688 1.880111
0.640889 -0.111806 2.012372
0.384411 -0.211761 1.813776
0.691455 -0.113235 1.923824
0.371457 -0.081391 1.561428
0.258055 0.079107 1.645710
0.575650 0.193433 1.525111
0.437025 -0.098909 1.948643
0.649054 -0.051134 1.720623
0.370276 0.081713 1.746394
0.563239 -0.092089 1.688366
0.212508 0.006741 1.655235
0.439735 -0.095806 1.732541
0.548432 0.002184 1.572469
0.262949 -0.199554 1.905752
0.421589 -0.111452 2.014192
0.646658 0.247052 1.821594
0.593336 0.045751 1.611231
0.407524 0.124784 1.775599
0.345437 -0.128575 1.932874
0.229873 0.042318 1.658657
0.476807 0.154779 1.790435
0.376190 0.274694 1.829407
0.427831 0.191104 1.689167
0.620666 -0.234386 1.882079
0.444996 0.061254 1.614961
0.224437 0.004889 2.009221
0.213641 0.154842 1.749280
0.222202 0.123648 1.865863
0.427244 0.244466 1.770360
0.478270 0.179093 1.509451
0.608419 -0.032479 1.822685
0.685121 -0.009984 1.646066
0.526506 -0.011170 2.034146
0.556318 -0.178400 1.783424
0.485163 0.167166 1.943627
0.301404 0.233494 1.642846
0.288329 -0.157631 1.986034
0.544541 0.016414 2.028855
0.453420 0.066174 1.594733
0.389201 -0.173157 2.020572
0.698846 -0.043901 1.550792
0.362572 -0.106563 1.463229
0.477593 0.041537 1.640141
0.623668 -0.071333 1.556014
0.496306 -0.255741 1.765789
0.702054 0.089697 1.909340
0.421090 0.246555 1.816234
0.628569 -0.033025 1.700751
0.269659 0.050329 1.920837
0.657000 -0.111926 1.958388
0.258355 0.165975 1.738432
0.270553 0.165311 1.687271
0.425536 0.234363 1.808043
0.350148 0.032334 1.855825
0.444002 -0.168821 1.621997
0.688699 -0.037602 1.894478
0.252608 -0.209766 1.746413
0.216006 0.038318 1.725453
0.400301 0.168367 1.853653
0.482425 -0.104640 1.603192
0.454441 0.124168 1.833265
0.484763 0.226714 1.539006
0.442479 -0.054698 1.954723
0.329387 0.218812 1.726845
0.376541 -0.053225 1.725647
0.370768 -0.173275 1.634405
0.181280 0.059815 1.737001
0.455722 0.253649 1.636800
0.438503 -0.108486 1.658993
0.298432 0.040376 2.054663
0.611949 -0.121437 1.821869
0.269669 0.056481 1.976657
0.223931 0.044452 1.936381
0.199216 -0.147583 1.775317
0.421299 0.060052 1.908475
0.670812 0.111114 1.763231
0.390542 0.083650 1.486123
0.373613 0.095569 1.603049
0.671774 -0.124649 1.880709
0.502803 -0.085176 1.778876
0.374952 0.081196 1.645364
0.566810 -0.311973 1.763506
0.213533 0.028533 1.813560
0.286981 0.012745 1.789240
0.409851 0.127598 1.870689
0.447120 0.137449 1.985281
0.540276 -0.166157 1.884080
0.232464 0.008184 1.951655
0.598018 0.202163 1.791357
0.540902 0.155479 1.776336
0.383770 0.207452 1.856414
0.553290 -0.177555 1.869453
0.286220 -0.233180 1.854912
0.578756 0.151563 1.647396
0.646063 -0.196794 1.752953
0.216191 -0.110389 1.734496
0.426410 -0.113946 1.752292
0.380059 -0.205750 1.619262
0.613235 0.218904 1.906323
0.383371 -0.233634 1.776728
0.632040 -0.041258 1.620990
0.435522 0.130996 1.959145
0.512785 0.198212 1.813687
0.559958 -0.140657 1.484906
0.399135 0.317045 1.831650
0.297573 -0.008400 1.965598
0.152340 0.128850 1.754813
0.453240 -0.172182 1.570241
0.162634 0.139113 1.842567
0.511523 -0.171743 1.750924
0.363496 0.205966 1.601779
0.189903 -0.035441 1.932956
0.470689 -0.039955 1.722293
0.270982 -0.026919 1.558540
0.404976 0.210033 1.803202
0.539940 -0.047964 1.733413
0.623088 -0.272756 1.770609
0.454054 -0.118774 1.696594
0.225901 0.055311 1.631590
0.461759 -0.311936 1.835920
0.435050 -0.047272 1.625925
0.574416 0.209160 1.757180
0.533815 -0.283080 1.762870
0.342483 -0.236873 1.792425
0.590900 0.211101 1.904629
0.495743 0.139782 1.547181
0.359464 -0.093556 1.738691
0.184477 0.157742 1.871873
0.552944 -0.077810 1.486477
0.196121 0.185812 1.774200
0.561699 0.235786 1.745644
0.379693 -0.041430 1.956256
0.418551 0.300478 1.780089
0.372634 0.044963 1.594518
0.646454 0.151043 1.760214
0.748444 0.082497 1.868225
0.625822 0.142164 1.891088
0.320130 -0.280346 1.819301
0.450415 -0.056576 1.947664
0.671717 -0.151233 1.816291
0.596922 0.126945 1.572876
0.633078 0.161650 1.704832
0.306763 -0.263991 1.882413
0.431829 0.226438 1.945372
0.489207 -0.091405 1.575942
0.453604 0.075655 1.946834
0.501114 -0.105507 1.792863
0.351076 -0.175246 1.991386
0.534567 0.179452 1.875960
0.314322 -0.206736 1.824860
0.194502 -0.004252 1.964511
0.280481 0.110579 1.657354
0.288667 -0.077783 1.719176
0.236095 0.007667 1.956981
0.359490 0.260688 1.829413
0.477806 -0.012913 1.874808
0.386356 -0.043156 2.084367
0.363326 0.309649 1.798974
0.524808 -0.231790 1.956906
0.674298 -0.097649 1.569453
0.444703 0.197306 1.544864
0.484090 0.102285 1.982943
0.491592 0.232103 1.889472
0.647931 -0.135799 1.705549
0.462265 0.235920 1.817491
0.293715 -0.071924 1.607182
0.317873 0.023790 1.643203
0.203874 -0.152130 1.878351
0.306245 0.005931 1.650539
0.509583 0.294377 1.689281
0.377356 -0.017728 1.505499
0.286077 -0.237385 1.700885
0.368724 0.159230 1.731820
0.273148 -0.008723 1.763884
0.601146 -0.103573 1.672823
0.556576 0.268690 1.611968
0.287339 0.134565 1.972621
0.259223 0.145348 1.775994
0.242252 0.113625 1.574857
0.270540 0.011393 1.824614
0.322035 -0.139846 1.823774
0.506792 0.229009 1.894347
0.200075 0.026032 1.567084
0.436650 0.050499 1.803561
0.730119 -0.089202 1.921632
0.410299 0.067140 1.951332
0.415352 0.046897 1.998590
0.725297 -0.013920 1.726216
0.511732 0.172911 1.826866
0.422612 -0.126921 1.913538
0.506999 -0.281726 1.802308
0.263283 0.023317 1.622242
0.489502 -0.017459 1.456793
0.285450 -0.159621 1.911797
0.275662 0.111258 1.989931
0.322580 -0.128248 1.660302
0.304259 -0.131692 1.699276
0.313679 -0.156884 1.571449
0.398357 -0.253975 1.772196
0.469947 0.187068 1.569527
0.682279 0.051237 1.744588
0.376769 -0.126302 2.043513
0.512316 0.048967 2.012603
0.640145 -0.229433 1.852386
0.359291 -0.043531 1.448311
0.245856 0.117027 1.855205
0.202097 0.004559 1.670025
0.649636 -0.135718 1.705534
0.428594 0.268959 1.888212
0.438653 -0.107221 1.749330
0.399269 0.037481 1.653523
0.458053 0.130712 1.638125
0.574751 -0.194074 1.898645
0.280475 0.090050 2.030966
0.570436 0.156034 1.878654
0.519385 0.157616 1.482392
0.363455 -0.137661 1.574349
0.582182 0.118067 1.726556
0.270692 -0.196788 1.625265
0.697998 0.093627 1.654935
0.677661 -0.099754 1.916538
0.363085 -0.181623 1.711395
0.461863 0.137872 1.762683
0.417795 0.193462 1.616820
0.514783 0.056511 2.041292
0.418889 -0.149628 1.519278
0.507422 -0.104338 2.012430
0.488714 -0.207052 1.825986
0.412114 -0.217045 1.728777
0.166062 -0.071006 1.657603
0.221129 -0.054516 1.979269
0.595479 -0.172534 1.648146
0.447690 -0.051828 1.964633
0.314958 -0.091663 1.591523
0.429581 -0.214257 1.561803
0.760899 -0.096070 1.783182
0.470610 0.138456 1.482989
0.438158 0.119732 2.020612
0.669030 -0.120375 1.899630
0.397476 -0.065444 1.499428
0.497111 -0.035093 1.995936
0.530392 -0.172348 1.786501
0.207228 0.097000 1.629158
0.396829 0.049538 1.976025
0.704102 0.047840 1.746859
0.423706 -0.288018 1.782740
0.170514 -0.127682 1.842023
0.419757 0.165489 1.834280
0.444142 -0.172262 1.973173
0.161608 -0.041017 1.848325
0.584170 -0.207476 1.647378
0.193505 0.022439 1.792029
0.313617 -0.254335 1.850289
0.359337 0.036132 1.799028
0.606606 -0.007418 1.943341
0.289993 -0.209291 1.699003
0.388096 0.086013 1.664483
0.616102 -0.197512 1.777163
0.637437 -0.018467 1.995295
0.428550 -0.057053 1.959117
0.553924 0.306210 1.730189
0.558056 0.128925 1.628252
0.599247 -0.113437 1.489930
0.329577 0.268663 1.751533
0.398334 -0.007530 1.832254
0.679563 -0.181916 1.836216
0.562174 -0.124098 1.836345
0.472250 0.094286 1.703214
0.679002 0.005017 1.823210
0.599224 0.118362 1.939630
0.609957 -0.253783 1.662452
0.308200 0.038512 1.943343
0.544283 -0.131493 1.855312
0.358431 -0.064933 2.034703
0.278797 0.153371 1.809865
0.399562 0.053573 1.760861
0.275061 0.158212 1.592031
0.533043 0.140724 1.503977
0.595099 -0.196191 1.737442
0.295280 -0.082942 1.503285
0.582464 0.161214 1.637266
0.596022 0.262290 1.699560
0.180164 0.004381 1.901056
0.375364 0.143464 2.030801
0.568179 0.104454 1.508888
0.617975 -0.099045 1.710804
0.636980 -0.181276 1.805255
0.629477 0.038753 1.769863
0.170113 0.079992 1.679612
0.360203 -0.021710 1.501349
0.673167 -0.116775 1.703716
0.489695 0.178153 1.697032
0.364592 -0.238235 1.973315
0.598663 0.231924 1.640951
0.559618 0.076032 2.010270
0.383180 0.155546 1.871000
0.232106 -0.067600 1.772304
0.356761 -0.184497 1.660159
0.536095 0.224793 1.853238
0.358564 -0.059201 1.494192
0.374477 -0.086120 1.921693
0.552809 0.124669 1.616056
0.599489 0.234016 1.782880
0.417353 -0.212453 1.771031
0.438587 0.008444 1.577133
0.317580 -0.144143 1.721238
0.316202 0.273166 1.901036
0.403636 0.059938 1.779939
0.472850 -0.136937 1.524626
0.249435 0.193944 1.757774
0.511093 0.120719 1.871356
0.560898 -0.234585 1.778413
0.277413 0.182540 1.896190
0.347314 0.090204 1.467016
0.461494 0.119202 1.502847
0.755957 -0.020372 1.798476
0.615758 -0.016440 1.858549
0.300560 -0.087186 1.712495
0.549697 -0.032055 2.060823
0.450068 -0.224179 1.865598
0.419236 0.129859 2.031579
0.498151 0.293622 1.635287
0.217066 -0.178398 1.795443
0.401844 -0.098589 1.687581
0.520167 -0.129927 1.514127
0.258108 0.017617 1.601371
0.542087 -0.226654 1.973866
0.376446 0.001886 2.076306
0.388058 0.295212 1.812107
0.166248 -0.165072 1.778276
0.594506 -0.045348 1.974112
0.190380 0.194573 1.796817
0.263633 0.127691 1.625782
0.360348 -0.060971 1.593541
0.480922 0.049199 1.568435
0.330855 -0.304628 1.769362
0.537852 0.248960 1.575748
0.561609 0.063480 1.595617
0.425424 -0.045122 1.998155
0.380545 -0.215806 1.670016
0.449519 -0.043632 1.781098
0.300472 -0.002210 1.515837
0.226635 0.243597 1.752346
0.584347 0.176606 1.782888
0.354501 -0.055827 1.669452
0.203849 -0.144173 1.870048
0.247881 -0.020599 2.026074
0.346488 -0.241776 1.663399
0.396762 0.264631 1.867502
0.627800 -0.113912 1.720973
0.705815 -0.082958 1.929647
0.346308 0.070202 1.651727
0.218929 -0.070454 1.796841
0.363163 0.200656 1.759584
0.280433 -0.053277 1.576916
0.363604 -0.182804 1.668386
0.474202 0.216843 1.644977
0.234088 -0.099773 1.823543
0.364322 -0.267531 1.865637
0.545070 0.039073 1.564371
0.262841 0.109220 1.838446
0.530272 -0.078442 2.029178
0.498156 0.084534 1.658606
0.574108 0.109578 1.901912
0.384551 -0.047320 1.757708
0.298014 -0.094963 1.552248
0.369651 -0.006496 2.032663
0.535149 0.014177 1.547904
0.581776 -0.192711 1.575475
0.452846 0.030665 1.913438
0.177327 0.056221 1.924373
0.544665 -0.001115 2.006211
0.500069 0.027942 1.587656
0.668054 0.215231 1.827670
0.575785 -0.024040 1.876812
0.409652 -0.136451 1.505870
0.283407 0.119580 1.746003
0.603975 0.023854 1.516782
0.293386 -0.104788 1.852398
0.363813 0.248416 1.932553
0.573093 0.173753 1.777690
0.349466 0.078212 1.842438
0.177550 -0.024607 1.724048
0.327276 -0.066248 1.773451
0.412565 -0.150255 1.789291
0.550715 0.262326 1.628797
0.352250 -0.226761 1.792311
0.406808 0.053829 1.760163
0.573178 0.220835 1.926240
0.417986 -0.081488 1.615267
0.589878 -0.034389 1.914075
0.534380 0.010322 1.598755
0.594606 -0.258359 1.907837
0.346779 0.146554 1.817470
0.618775 -0.081119 1.556507
0.545105 0.127412 1.665233
0.146008 0.040765 1.833029
0.424866 0.220664 1.698348
0.399844 0.324502 1.735092
