0.288189 0.060226 1.611461
0.215368 -0.014393 1.685234
0.522399 -0.120542 1.548514
0.554617 -0.084616 1.606015
0.493112 0.328546 1.794713
0.517255 0.144538 1.708153
0.542601 -0.104813 1.818410
0.594357 -0.210950 1.805684
0.676041 0.113491 1.593072
0.473337 -0.071305 2.064823
0.749924 0.115325 1.792614
0.477476 -0.231001 1.780047
0.538038 0.168666 1.950586
0.335155 -0.014555 1.814686
0.339404 -0.046748 1.924619
0.179860 0.165487 1.853916
0.293301 -0.117926 2.033689
0.593263 -0.231631 1.635141
0.655578 0.016917 1.645970
0.696324 0.115482 1.944612
0.238212 0.218345 1.852434
0.745997 -0.080464 1.691343
0.351459 -0.226975 1.930325
0.415626 0.193658 1.910885
0.234198 -0.048012 1.685496
0.478764 -0.105612 1.687136
0.350652 -0.185927 1.794041
0.535460 0.027256 1.548921
0.746470 -0.131095 1.808859
0.287887 -0.120190 1.797881
0.552859 0.106998 1.996098
0.203449 -0.025055 1.829050
0.443812 0.155320 1.805145
0.330444 0.191358 1.841653
0.709697 -0.140370 1.909496
0.204872 -0.127111 1.630507
0.647055 0.027816 1.885009
0.175929 0.012758 1.869768
0.361662 0.267602 1.680954
0.604366 -0.063365 1.703491
0.622531 -0.138583 1.820579
0.222403 0.031235 1.834562
0.680618 -0.063726 1.915019
0.525222 -0.130021 1.986111
0.500516 -0.052276 2.025560
0.750894 -0.007966 1.744456
0.603941 0.163649 1.888002
0.366773 -0.195652 1.582512
0.391177 0.182267 1.501657
0.678386 -0.027562 1.552161
0.474196 0.091368 1.462446
0.402317 -0.115418 1.755869
0.529106 -0.096325 2.049520
0.256983 -0.052287 1.780188
0.255257 0.115849 1.542710
0.386786 -0.132418 1.810122
0.301222 -0.026307 1.569009
0.159501 -0.034014 1.659997
0.281562 0.142486 1.822420
0.315671 -0.082473 2.025841
0.396205 0.145200 1.938297
0.328826 0.216048 1.659090
0.548701 0.109037 1.903509
0.320373 -0.053063 1.738946
0.495595 -0.178414 1.967419
0.488355 0.221745 1.905696
0.626326 0.054945 1.557817
0.673868 0.234610 1.694695
0.636919 -0.135141 1.662375
0.634727 -0.186435 1.638265
0.409621 0.166505 1.891126
0.485274 0.110081 1.613152
0.529941 0.055533 1.799181
0.210244 0.000656 1.741869
0.455232 -0.211396 1.708743
0.219773 -0.069694 1.658575
0.503990 0.025744 1.966816
0.381079 -0.220060 1.728593
0.525740 0.044181 1.698226
0.490625 -0.253678 1.662740
0.575882 -0.019917 1.864829
0.436437 0.101780 1.782224
0.587065 -0.287657 1.736047
0.629436 0.048854 1.721207
0.551236 -0.038832 1.871800
0.732497 -0.059374 1.730215
0.652408 -0.007459 1.792424
0.535369 0.137625 1.539923
0.593806 -0.041574 1.971105
0.489998 -0.118869 1.740288
0.573286 -0.218724 1.696839
0.347869 -0.199857 1.798277
0.661081 -0.214504 1.828894
0.551312 0.055370 1.881922
0.665984 -0.021519 1.630472
0.522067 -0.156033 1.939934
0.351048 -0.059403 1.486478
0.442990 -0.016452 2.051750
0.373828 0.295777 1.836413
0.521401 0.188155 1.877034
0.287300 -0.167919 1.813067
0.382921 -0.187667 1.499347
0.493064 0.122535 2.059446
0.308485 -0.045122 1.861724
0.426137 0.116227 1.531974
0.563604 0.265863 1.862906
0.385226 0.035040 2.088572
0.557070 -0.267844 1.641146
0.695601 -0.028715 1.591203
0.621841 -0.176398 1.718923
0.440925 -0.263834 1.781085
0.383147 0.285212 1.656055
0.272533 0.113137 1.894036
0.187518 -0.067162 1.785747
0.389513 0.159498 1.856865
0.588352 -0.052981 1.619007
0.195725 0.127555 1.818336
0.645446 0.041288 1.633052
0.534312 -0.092140 1.939505
0.591608 0.287303 1.714385
0.593737 -0.062929 1.694712
0.166228 0.168767 1.739284
0.633831 0.154255 1.634071
0.263606 0.045863 1.782434
0.341937 0.013200 1.989947
0.610475 -0.003224 1.536133
0.274711 0.033275 1.562827
0.422491 -0.131660 1.734806
0.701894 -0.062105 1.725854
0.643579 -0.000061 1.716932
0.514703 -0.022641 1.638356
0.704392 0.179034 1.792116
0.600991 -0.117406 1.707242
0.208930 -0.039535 1.604286
0.640302 0.182194 1.967043
0.273979 -0.191639 1.668955
0.240529 0.001640 1.619733
0.513246 -0.271808 1.649611
0.292775 0.179418 1.569691
0.531079 -0.138433 1.854083
0.344622 0.192105 1.723311
0.640211 -0.070782 1.631652
0.494058 0.208825 1.776579
0.247323 0.050909 1.922652
0.580925 0.071948 2.027381
0.646764 -0.075358 1.821212
0.482601 -0.235159 1.971629
0.306669 -0.011319 1.671301
0.552688 0.214135 1.759444
0.533533 0.068577 1.843201
0.376500 -0.249096 1.740846
0.163933 0.006203 1.857254
0.490491 -0.025835 2.039045
0.557278 -0.143055 1.926495
0.338612 0.217648 1.702584
0.575735 -0.076868 1.924385
0.686052 0.217889 1.716944
0.342991 0.085245 1.973714
0.280854 0.207249 1.874825
0.572068 -0.014533 1.817708
0.191050 0.070836 1.663978
0.504568 0.135170 1.892265
0.334014 -0.215620 1.785847
0.474939 -0.265068 1.597793
0.134057 0.100517 1.767741
0.273755 -0.238639 1.736835
0.486635 -0.006591 1.598484
0.465374 -0.210236 1.893166
0.348785 0.229560 1.568698
0.243827 -0.239307 1.753302
0.232410 0.111009 1.545353
0.633867 -0.042522 1.713228
0.559709 -0.140070 1.610201
0.348627 0.110880 1.975423
0.530298 -0.094120 1.722496
0.383209 0.171501 1.985124
0.272374 -0.011482 1.566696
0.630751 0.214236 1.621849
0.155577 -0.055667 1.890831
0.458373 -0.263908 1.723680
0.394251 -0.067476 1.866759
0.487619 -0.082536 2.033296
0.350386 -0.099207 1.807646
0.773076 -0.008035 1.839427
0.344828 0.140854 1.937199
0.260126 0.129623 1.690527
0.491298 0.102194 1.997210
0.161068 -0.025325 1.749925
0.207117 0.169840 1.757433
0.665864 0.137428 1.827702
0.411845 0.242554 1.689420
0.251057 -0.190490 1.776259
0.522648 0.115350 1.922172
0.619513 0.161340 1.551733
0.565830 0.182638 1.688089
0.300622 -0.087517 1.858611
0.298109 -0.270762 1.647323
0.552221 -0.092665 1.867828
0.404927 0.206921 1.910631
0.704641 0.026981 1.565127
