0.694194 0.111153 1.727882
0.229756 -0.172162 1.875822
0.377538 0.197553 1.796418
0.527375 0.259546 1.877774
0.238187 -0.076062 1.705745
0.654385 -0.128478 1.809674
0.162313 -0.007136 1.915402
0.275236 0.099106 1.886377
0.699013 -0.097457 1.919648
0.609679 0.136890 1.760022
0.567332 -0.035100 1.502931
0.306407 0.102170 1.936346
0.286591 -0.096950 1.626346
0.725326 -0.040882 1.724872
0.546663 -0.095762 1.621402
0.448042 0.110031 2.033623
0.650642 -0.041228 1.686246
0.597370 -0.050538 1.790405
0.374284 -0.214496 1.792022
0.601438 0.151951 1.622254
0.576921 -0.096669 1.971414
0.198683 -0.035915 1.747796
0.613780 0.224955 1.693629
0.482069 0.158849 1.672047
0.286879 -0.215058 1.908250
0.586922 0.075227 1.643413
0.609494 0.172296 1.715781
0.380515 -0.247467 1.567356
0.485927 -0.138901 1.563295
0.420404 -0.050885 1.904727
0.444915 0.086036 1.527982
0.236932 0.126750 1.616073
0.510801 -0.123000 2.039089
0.487754 0.195764 2.018461
0.459657 0.057474 1.570513
0.599368 0.003494 1.484686
0.381186 0.124110 1.584412
0.549162 0.226144 1.916901
0.187575 -0.141057 1.894339
0.532515 -0.200912 1.743962
0.255427 -0.013502 1.725749
0.537474 0.063615 1.631956
0.422611 0.099833 1.554839
0.239875 -0.036540 1.596145
0.452339 0.143919 1.926830
0.541943 0.008128 1.843138
0.398104 -0.080093 2.050193
0.446483 0.011438 2.022354
0.610616 -0.208118 1.639095
0.555668 0.240681 1.578973
0.700749 -0.025551 1.839022
0.394233 -0.141239 1.728094
0.608820 -0.218203 1.842385
0.391052 0.081826 1.709267
0.569300 0.301313 1.822930
0.510934 -0.001062 2.019981
0.425578 -0.026681 1.543060
0.343618 0.175163 1.541841
0.463349 0.248057 1.840153
0.448175 0.071245 1.579185
0.161827 0.153581 1.763561
0.700678 -0.033083 1.650878
0.599010 0.249370 1.742911
0.523426 0.111307 2.045960
0.463970 -0.188853 1.785998
0.491463 0.292831 1.761948
0.271330 0.152485 1.637122
0.582965 -0.220180 1.731799
0.406514 0.178110 1.984173
0.614528 -0.167282 1.840321
0.349377 0.036280 2.006637
0.562574 -0.125624 1.730198
0.479053 -0.158450 1.821320
0.488515 -0.300751 1.841415
0.295676 0.186436 1.945881
0.310956 -0.229850 1.880419
0.340923 -0.023225 1.832356
0.382204 0.022073 1.964920
0.552954 0.243970 1.723805
0.403401 -0.005922 1.599951
0.321310 0.055278 1.545899
0.597473 0.001728 1.852738
0.188804 -0.065664 1.800508
0.546748 0.117642 1.950717
0.430134 0.080696 1.671429
0.475202 -0.114165 1.646107
0.387250 -0.126250 1.487301
0.457522 0.271638 1.902589
0.336824 -0.160323 1.758911
0.430782 -0.170107 1.717652
0.203679 0.068186 1.772418
0.530326 0.020031 1.916823
0.591216 0.011403 1.654082
0.622387 -0.245170 1.731724
0.428001 0.243338 1.717948
0.240327 -0.064801 1.728762
0.164837 0.048157 1.883269
0.510531 -0.070450 1.548518
0.175772 -0.143276 1.713762
0.541358 -0.255590 1.788716
0.267532 0.113078 1.715902
0.403898 0.201926 1.747893
0.581678 0.053270 1.864867
0.756336 0.082318 1.694956
0.403908 0.003110 1.464468
0.337371 -0.167085 1.570853
0.600001 -0.011151 1.959599
0.598606 -0.084988 1.621847
0.321274 -0.023148 2.043119
0.565989 0.082466 1.762520
0.750568 0.035574 1.795696
0.354404 0.179570 1.859943
0.351198 -0.229255 1.767451
0.559466 -0.269492 1.693751
0.380028 -0.130376 1.617305
0.328662 -0.063024 1.600236
0.644031 -0.027735 1.509247
0.528857 0.200225 1.964262
0.619572 0.012656 1.813894
0.558223 0.268993 1.868988
0.612133 0.154689 1.599631
0.296762 0.251690 1.866450
0.630969 0.181664 1.714803
0.351483 0.156433 1.555924
0.325978 -0.047029 2.058104
0.742106 0.066413 1.813972
0.633009 -0.158365 1.971366
0.479197 0.176166 1.620497
0.350185 0.074572 1.710701
0.590462 0.293567 1.693458
0.385926 -0.136855 1.497271
0.597586 0.082179 1.723146
0.389911 0.239629 1.647334
0.424638 0.259449 1.944584
0.316737 0.009373 2.041120
0.336232 0.105154 1.576453
0.684826 0.154336 1.591172
0.357287 -0.039207 1.905416
0.410503 0.123848 1.788614
0.610348 -0.002820 1.509003
0.649603 -0.189007 1.721670
0.709332 -0.133488 1.695199
0.475817 -0.166092 1.958914
0.643356 0.117354 1.973737
0.397751 -0.294036 1.697078
0.350801 0.197689 1.828372
0.170043 -0.026570 1.837310
0.707032 -0.111502 1.700307
0.306549 -0.109375 1.770165
0.510548 -0.249309 1.924885
0.572865 -0.009070 1.746396
0.725497 -0.034397 1.789458
0.720401 0.028399 1.849369
0.638753 0.000903 1.531373
0.523982 0.203570 1.782519
0.535456 -0.103939 1.472058
0.649422 -0.229689 1.780406
0.265211 0.176509 1.766518
0.418986 0.104903 1.470209
0.605888 -0.137350 1.760928
0.182601 -0.113210 1.725427
0.717351 -0.083633 1.876863
0.516931 0.035776 1.822801
0.331122 0.287116 1.746864
0.508775 0.243145 1.665813
0.189379 -0.077244 1.843544
0.323329 -0.195854 1.636834
0.161540 0.069953 1.869349
0.189903 -0.054928 1.850899
0.351576 -0.110120 1.954052
0.455359 0.002344 1.924732
0.577184 -0.121006 1.951491
0.566017 0.055574 1.652466
0.686377 -0.045079 1.840173
0.539778 -0.162479 1.936157
0.486914 0.256671 1.637108
0.340192 0.068226 1.593710
0.700156 0.038936 1.653370
0.277994 -0.073114 1.644849
0.319552 0.026155 1.782476
0.413378 0.240661 1.849703
0.647606 -0.128973 1.585839
0.430163 0.031768 1.904413
0.460073 -0.103548 1.586560
0.625049 0.272887 1.820865
0.583368 0.009777 1.607826
0.391892 -0.202608 1.669031
0.600835 -0.104559 2.016719
0.421212 -0.075495 1.537232
0.665138 -0.014582 1.695257
0.531460 0.220028 1.803442
0.361331 0.125124 1.608214
0.592691 0.060060 1.883331
0.176967 -0.045840 1.814298
0.411685 -0.117520 1.940623
0.543902 0.268305 1.785032
0.643063 -0.126772 1.630065
0.289845 -0.248932 1.781485
0.222007 0.138621 1.808001
0.662242 0.066972 1.836351
0.387165 0.109045 1.851659
0.545993 0.040709 1.613076
0.332213 0.081206 1.674220
0.519481 0.215065 1.820690
0.530848 -0.223495 1.954381
0.673893 0.214630 1.732947
0.471946 -0.248765 1.902518
0.668673 0.181980 1.661593
0.404423 0.119675 1.524052
0.696974 -0.101304 1.942093
0.462372 -0.237515 1.817989
0.401123 -0.071618 1.460240
0.637739 0.056270 1.981769
0.474769 -0.162590 1.924746
0.557361 0.170094 1.589055
0.391315 -0.095134 1.515917
0.471936 0.137379 1.607973
0.556649 -0.144723 2.009836
0.256299 -0.007812 1.600284
0.666482 -0.100479 1.639670
0.460759 -0.115807 1.783184
0.615190 0.224124 1.673185
0.508354 0.239303 1.638965
0.300475 -0.160050 1.928577
0.447234 0.123118 1.842563
0.472306 0.209249 1.865469
0.442167 0.202786 1.609149
0.559898 0.082641 1.505096
0.274153 -0.250380 1.808669
0.379329 -0.210264 1.916475
0.247953 -0.225295 1.892725
0.497738 0.191619 1.940043
0.591627 -0.013276 1.839292
0.642514 -0.018928 1.716104
0.442741 0.228097 1.574956
0.609616 0.241274 1.756718
0.507349 -0.154705 1.668005
0.239732 -0.002239 1.821498
0.313529 -0.222071 1.558557
0.482770 -0.173544 1.721760
0.393964 -0.198910 1.642430
0.648873 0.073425 1.849355
0.292346 0.102518 1.802488
0.529821 0.254697 1.748735
0.324941 -0.165939 1.609158
0.545719 -0.091151 1.839052
0.751367 -0.119076 1.801592
0.287542 0.142439 1.896533
0.637426 0.149500 1.648418
0.393929 0.239612 1.838460
0.243342 -0.034431 1.534960
0.223447 0.156884 1.844874
0.290934 0.160179 1.749419
0.562100 -0.144554 1.642093
0.566491 -0.140120 1.688993
0.262316 0.132715 1.544109
0.268654 0.037834 1.826318
0.307697 0.010766 1.824814
0.410621 0.158523 1.964124
0.629214 0.119865 1.648720
0.480896 -0.318487 1.723385
0.769698 -0.007256 1.750089
0.537565 -0.070938 1.769256
0.657217 -0.165825 1.627444
0.440119 -0.204147 1.983443
0.556136 -0.171151 1.809183
0.491611 -0.198811 1.934518
0.635795 -0.035528 1.598841
0.325006 0.110718 1.746756
0.663696 -0.247173 1.802298
0.417839 -0.125348 1.764647
0.342277 0.000978 1.789697
0.388685 -0.086245 1.626606
0.443987 -0.177964 1.791340
0.673888 0.026652 1.978326
0.397088 0.198118 1.567850
0.601578 -0.043103 1.507928
0.485147 -0.005339 1.949243
0.526921 -0.032580 1.982007
0.525798 -0.318778 1.809514
0.487115 -0.318009 1.784402
0.550404 -0.008629 1.881303
0.505475 -0.179035 1.951581
0.416136 -0.105930 1.803883
0.364319 0.023139 1.540791
0.609708 0.049572 1.822022
0.372240 0.197190 1.722474
0.398749 -0.000809 1.477286
0.675113 0.149425 1.670656
0.339759 -0.253314 1.922545
0.236855 -0.053200 1.565551
0.500640 0.164732 1.600526
0.771620 0.043103 1.837884
0.192360 0.115939 1.805102
0.277285 -0.109425 1.663149
0.522332 0.187284 1.941119
0.237165 -0.039154 1.945121
0.326164 0.254601 1.908554
0.399456 -0.177444 1.710828
0.333321 0.113192 1.665376
0.273198 0.187402 1.902263
0.288368 -0.207881 1.690368
0.386306 -0.099018 1.827996
0.583640 0.004659 1.608245
0.226328 0.010095 1.726984
0.153024 0.140673 1.766759
0.390852 -0.204673 1.606464
0.483249 -0.018297 1.583862
0.545776 -0.100698 1.838158
0.742082 0.089767 1.643478
0.287920 -0.106268 1.566925
0.234543 0.030139 1.938760
0.708349 0.157092 1.843494
0.243012 -0.176622 1.675491
0.585814 -0.266855 1.673398
0.368659 -0.232851 1.603008
0.260920 0.076777 1.882370
0.544625 0.190907 1.573254
0.650988 -0.152014 1.825397
0.380373 -0.055782 1.485932
0.501926 0.067661 1.524207
0.488931 0.026595 1.649741
0.350975 0.237400 1.623650
0.424563 0.177879 1.528398
0.599685 0.150759 1.582199
0.506276 -0.238905 1.749894
0.310786 -0.024577 1.871598
0.251728 0.119633 1.657131
0.663671 -0.087204 1.966233
0.619395 0.074120 1.690973
0.584283 -0.259315 1.846651
0.617541 0.136959 1.568129
0.478948 -0.249566 1.643358
0.433073 0.177512 1.598814
0.340092 -0.192427 1.943936
0.384728 -0.163818 2.037100
0.200366 -0.166242 1.759883
0.558589 0.143729 1.897172
0.442132 -0.133351 1.598003
0.755119 -0.049266 1.699813
0.198017 -0.052491 1.578703
0.306758 -0.047558 2.004947
0.416128 -0.294510 1.655589
0.203353 -0.175584 1.885047
0.373969 0.028534 1.910159
0.647716 -0.055562 1.892667
0.394188 -0.020361 1.665707
0.260096 0.025561 1.518383
0.313433 -0.093201 1.821401
0.246672 0.022356 1.753017
0.658175 0.194913 1.885387
0.423958 -0.021796 1.844699
0.229813 -0.077515 1.910311
0.397252 -0.192754 1.712061
0.391614 -0.058768 2.013570
0.246868 -0.010034 1.786455
0.342948 0.259470 1.783638
0.462895 0.130635 1.676044
0.265372 0.022437 1.755561
0.422296 -0.175161 1.943625
0.428224 -0.246885 1.548782
0.469650 0.086705 1.946528
0.560736 -0.103290 1.597140
0.264413 0.135579 1.780100
0.450300 -0.025259 1.927478
0.384281 -0.030765 1.606067
0.309212 -0.087424 1.800138
0.374786 -0.019098 1.692138
0.760633 -0.006774 1.716551
0.446615 -0.251893 1.627836
0.312233 -0.024348 1.804367
0.513384 0.224657 1.982153
0.435582 0.209398 1.990685
0.315221 -0.208657 1.679761
0.437508 0.194662 1.515235
0.507669 0.261634 1.954433
0.510089 0.083012 1.593309
0.525478 -0.259725 1.954469
0.414238 0.261855 1.608077
0.582130 0.038182 1.532621
0.381909 0.203927 2.016417
0.359436 0.065743 1.586962
0.668882 -0.013263 1.814718
0.576768 0.220751 1.705231
0.543855 -0.072577 1.851571
0.238819 0.189613 1.835084
0.450198 -0.144997 1.982471
0.348917 -0.102412 1.511772
0.648062 0.106096 1.949398
0.520768 -0.001561 1.851665
0.587722 -0.172585 1.617363
0.348634 0.024800 1.822376
0.157311 0.130924 1.704731
0.518308 -0.107467 1.969141
0.398925 0.032330 1.553972
0.324187 0.032510 1.898498
0.323329 0.250325 1.922867
0.491222 -0.082329 1.657534
0.678172 0.057332 1.988182
0.562732 0.213557 1.578904
0.620182 -0.072804 1.801716
0.594240 0.035504 1.856971
0.396145 -0.263595 1.954735
0.419042 -0.028143 1.575655
0.496773 -0.259708 1.926693
0.391275 0.185075 1.876405
0.396722 0.236885 1.759986
0.478722 -0.305075 1.732940
0.217149 0.086647 1.669702
0.261484 -0.100349 1.727858
0.201327 -0.029837 1.912211
0.473898 -0.001003 1.996856
0.442720 -0.118993 1.694652
0.347797 -0.054964 1.926667
0.458472 0.190710 1.965664
0.316619 -0.031871 2.013771
0.443359 -0.247444 1.894947
0.621918 0.130939 1.748434
0.286598 0.080310 1.494877
0.635454 0.204001 1.941273
0.657421 -0.194127 1.703723
0.720299 -0.157613 1.821324
0.696667 0.161878 1.705095
0.533068 0.096089 1.849406
0.635140 0.025790 1.925207
0.670454 0.073295 1.858220
0.590466 0.083027 1.807843
0.603176 0.213621 1.934331
0.421373 0.113235 1.829842
0.290331 0.008999 1.710663
0.641524 0.092898 1.894497
0.547806 -0.218309 1.572793
0.622944 -0.016828 1.589814
0.484958 -0.255726 1.835616
0.403537 0.259982 1.826118
0.519898 0.267384 1.594229
0.649035 0.009246 1.960484
0.461554 0.019911 1.905494
0.308658 0.130946 1.520584
0.332393 0.001373 1.800129
0.654391 -0.167855 1.843637
0.515676 0.152197 1.617459
0.296318 0.062651 1.705632
0.532655 0.180827 1.982771
0.553299 0.109708 1.598051
0.558228 0.170585 2.003228
0.349000 0.162546 1.810551
0.358081 0.145140 1.674488
0.367972 0.174440 1.761319
0.288030 0.174557 1.900364
0.564100 0.249898 1.918329
0.320546 -0.200204 1.801101
0.238114 0.221351 1.701535
0.501119 0.134637 1.706377
0.546688 -0.099272 1.961438
0.498849 0.253861 1.963799
0.286292 -0.083367 1.627275
0.527396 -0.051301 1.833062
0.456599 -0.004081 1.898080
0.575769 -0.189354 1.814087
0.304199 0.008140 1.483426
0.620921 0.252060 1.858691
0.628243 -0.199341 1.844311
0.441290 -0.187272 2.026319
0.718564 -0.092153 1.687606
0.295237 0.074412 1.604511
0.217071 -0.027131 1.670160
0.565270 0.207718 1.723288
0.757419 0.116019 1.722391
0.466297 0.151929 1.682627
0.484887 0.106985 1.932189
0.340901 -0.108505 1.659604
0.507448 0.038641 1.971476
0.343544 0.101273 1.974506
0.445845 0.116495 1.616447
0.455690 0.269846 1.679913
0.583748 -0.174066 1.857132
0.483781 0.046458 1.744969
0.395134 0.005512 1.685381
0.479566 0.048397 1.739858
0.244828 0.094354 1.821346
0.419068 -0.181247 1.947939
0.294673 0.194107 1.568001
0.527879 0.308691 1.796820
0.439239 -0.185810 1.831341
0.421944 0.037351 1.503910
0.402496 -0.169586 1.851038
0.735093 -0.031120 1.909466
0.322196 0.270379 1.894841
0.377627 0.022465 1.841478
0.291159 0.246469 1.860880
0.531335 -0.014538 1.455879
0.463521 0.016112 1.562375
0.431053 0.007420 2.021658
0.357084 0.057959 1.511727
0.664354 0.049411 1.867227
0.577531 -0.048145 1.686867
0.317321 -0.221214 1.885342
0.573473 0.161800 1.614959
0.325290 -0.086807 1.983635
0.359361 0.220170 1.684732
0.226036 0.205297 1.675134
0.399522 0.217398 1.930656
0.472765 -0.249005 1.745865
0.211844 0.114676 1.726825
0.411690 0.290966 1.873026
0.665392 -0.232333 1.852252
0.269586 -0.237387 1.729394
0.299112 -0.094189 1.800233
0.371854 0.310974 1.754850
0.505622 0.287936 1.806046
0.280445 0.105098 1.903056
0.615991 0.182213 1.651165
0.693916 0.058020 1.885324
0.430185 0.014758 1.436120
0.512794 -0.115028 1.875050
0.195046 -0.106549 1.644204
0.393013 0.166547 1.923786
0.509545 0.031320 1.547511
0.497648 -0.033716 1.792455
0.352708 -0.245026 1.869440
0.712607 0.021935 1.933491
0.587211 -0.046755 1.838790
0.717702 0.023919 1.716866
0.437743 -0.101838 1.893955
0.269934 -0.023239 1.643433
0.239077 0.034268 2.004325
0.421369 -0.207940 1.765389
0.338568 0.089894 1.514866
0.315349 -0.102762 1.842317
0.427737 -0.079162 1.569119
0.463319 0.059102 1.692517
0.580716 0.171371 1.557375
0.303711 -0.167548 1.930166
0.561962 -0.025843 1.989101
0.696618 0.163237 1.828468
0.465110 -0.023673 1.914233
0.545576 -0.270917 1.855140
0.644650 -0.057654 1.974237
0.486343 0.035060 1.995564
0.681801 0.083698 1.603835
0.622604 -0.240041 1.693976
0.654684 0.235554 1.781385
0.463069 0.064282 1.452283
0.289282 0.219099 1.659233
0.667451 -0.202147 1.819667
0.497387 0.233850 1.667762
0.706023 0.208376 1.797690
0.630765 -0.150377 1.902722
0.637258 -0.255058 1.826104
0.452510 -0.088403 1.878802
0.263951 0.194541 1.728936
0.310382 0.255718 1.684018
0.488099 -0.320590 1.766746
0.484700 -0.026330 1.644821
0.359846 0.128373 1.492089
0.136523 -0.040979 1.737725
0.581970 0.297586 1.825849
0.715019 -0.074821 1.945516
0.461679 0.083820 1.543170
0.383711 -0.047217 1.706288
0.460844 0.111162 1.880233
0.742834 -0.100957 1.797429
0.627415 0.231424 1.754308
0.718926 0.108669 1.728325
0.389363 0.205028 1.610782
0.650825 -0.189361 1.754084
0.281350 -0.027583 1.560956
0.485927 0.083737 1.966790
0.486950 0.212807 1.534076
0.229148 0.085181 1.835527
0.486362 -0.273185 1.788694
0.271632 -0.118728 1.690052
0.456300 0.240096 1.652455
0.498423 -0.189545 1.826815
0.287697 0.196974 1.727763
0.497998 0.048687 1.769914
0.291101 -0.218001 1.618428
0.453319 0.091354 1.849384
0.467765 -0.040846 2.054147
0.425200 0.033160 2.043197
0.555646 0.193250 1.849798
0.386956 0.192169 1.731575
0.297503 0.067309 1.545962
0.302394 0.286893 1.825622
0.561143 -0.232325 1.690109
0.629042 0.112952 2.011220
0.255626 0.013566 1.804213
0.379988 -0.157220 1.801096
0.690290 -0.110757 1.697826
0.544410 0.163249 1.792299
0.569422 0.063326 1.649673
0.564784 0.185475 1.626380
0.409711 -0.108147 1.706898
0.334304 -0.119874 1.785093
0.587859 0.209645 1.729468
0.638080 0.120461 1.789643
0.294021 -0.187794 1.933097
0.205568 0.028232 1.832771
0.610080 0.154848 1.940121
0.561193 -0.099209 1.979410
0.630956 0.074519 1.537167
0.282344 0.110513 1.505353
0.215249 -0.006307 1.991292
0.442109 0.093328 1.641762
0.404704 -0.003914 1.953933
0.313400 -0.087037 2.018330
0.645932 0.004295 1.872663
0.592994 -0.150135 1.805871
0.490898 -0.125481 1.580006
0.285515 0.212023 1.757416
0.407057 -0.271088 1.733434
0.396752 -0.070162 1.576258
0.617664 0.098710 1.796872
0.404430 -0.069557 1.995823
0.264674 -0.252905 1.747018
0.556932 -0.021545 1.924041
0.498936 -0.063219 2.031770
0.248613 -0.098902 1.562997
0.369712 -0.175297 1.848147
0.324228 -0.029464 1.643082
0.263903 -0.083189 1.930401
0.571745 0.137943 1.730123
0.505653 -0.187314 1.600017
0.329967 -0.081535 1.893938
0.285460 -0.147782 2.000267
0.484372 0.191526 1.947818
0.550098 0.077828 1.583731
0.519452 -0.165925 1.782688
0.468809 -0.222028 1.934420
0.451146 0.091853 1.808498
0.457364 -0.005557 1.926802
0.674609 -0.111406 1.913081
0.467073 0.135067 1.593075
0.499250 0.028250 1.914717
0.159466 0.079982 1.720310
0.559306 0.071277 1.979097
0.550478 0.163879 1.573967
0.368314 0.030995 1.691567
0.605725 0.281629 1.832833
0.639291 -0.070149 1.757065
0.430694 -0.193294 1.977459
0.376593 -0.069292 1.665995
0.379757 -0.170729 1.752199
0.570988 -0.131468 1.560342
0.620487 0.078869 1.908335
0.585726 -0.166419 1.812426
0.497403 0.194317 1.518851
0.588424 -0.068947 1.554998
0.382609 0.068558 1.841194
0.375229 -0.311705 1.818253
0.626545 -0.236935 1.907705
0.411117 -0.032583 1.744847
0.374729 0.112473 1.866044
0.178024 0.094097 1.911535
0.700903 0.215240 1.742102
0.726381 0.051523 1.709509
0.632734 -0.051164 1.931255
0.284994 -0.093678 1.677999
0.469531 0.041399 1.714691
0.511533 0.102907 1.831722
0.676047 0.109639 1.599542
0.693847 -0.204375 1.846954
0.543537 0.069666 1.851523
0.527111 0.047790 1.838690
0.296188 -0.191694 1.564278
0.351914 -0.198760 2.002347
0.583259 -0.224333 1.779756
0.605921 -0.096890 1.665226
0.342759 -0.012392 1.613743
0.601060 0.178097 1.581299
0.726697 0.045908 1.603254
0.729545 0.124510 1.807622
0.262957 0.079698 1.601968
0.724370 -0.117445 1.748612
0.449895 -0.032986 1.934625
0.638484 0.171066 1.818017
0.518411 0.046654 1.502748
0.367873 0.230676 1.779020
0.671332 -0.010945 1.772820
0.428814 -0.041704 1.695397
0.223248 0.032351 1.994191
0.705858 0.192292 1.810135
0.258004 -0.097733 1.721073
0.621363 -0.133191 1.750262
0.190617 0.125570 1.659881
0.207438 -0.033686 1.946071
0.687621 -0.129895 1.784986
0.258206 -0.097161 2.017038
0.447344 0.302457 1.666650
0.470731 -0.327073 1.824885
0.646608 -0.097574 1.722867
0.613845 0.029308 1.516407
0.598270 0.254691 1.750727
0.415717 -0.045821 1.836897
0.190959 -0.137510 1.726079
0.234108 -0.036242 1.652936
0.243881 -0.216478 1.906378
0.638160 -0.024144 1.631215
0.442188 0.250298 1.795675
0.262062 -0.046169 1.905410
0.578071 0.274793 1.659906
0.482799 0.148703 1.834895
0.379379 -0.036976 1.944946
0.220055 -0.185471 1.776916
0.311323 0.030228 1.936733
0.672563 -0.202511 1.737606
0.328881 -0.109964 2.033392
0.422166 -0.155326 1.889589
0.660349 0.165972 1.738879
0.244244 0.029152 2.016532
0.391184 -0.185340 2.033646
0.437643 0.021279 1.584899
0.279338 0.147516 1.563135
0.717061 -0.003169 1.580886
0.664501 0.130729 1.673187
0.497538 -0.011661 1.611368
0.660514 -0.102272 1.972088
0.501102 -0.155953 1.649294
0.515249 0.042119 1.926224
0.473052 0.011332 1.939914
0.295768 0.039529 2.006180
0.226399 -0.073078 1.810770
0.648672 0.115683 1.840737
0.333749 -0.169203 1.558156
0.318223 -0.240789 1.930283
0.339440 0.134316 1.864198
0.234356 -0.181976 1.890394
0.446809 0.026221 1.597466
0.251476 -0.067267 1.528424
0.681026 -0.045635 1.992442
0.232199 0.069278 1.817344
0.469858 0.022776 2.078966
0.282115 0.041980 1.779032
0.523468 0.274433 1.801236
0.284719 0.141789 1.624490
0.620524 -0.004533 1.858341
0.587963 0.004978 2.066088
0.177069 0.181513 1.733138
0.682416 -0.151208 1.624774
0.620643 0.025160 1.521915
0.589552 -0.252019 1.845147
0.399433 -0.029594 1.564426
0.172045 0.068896 1.897644
0.260575 0.000793 1.873218
0.387257 -0.201914 1.972065
0.762762 -0.018706 1.794462
0.344112 -0.008719 1.465961
0.624047 0.231774 1.782644
0.188938 0.027473 1.603608
0.466247 -0.069303 1.628602
0.172528 -0.023200 1.677190
0.722038 -0.125724 1.855302
0.502930 -0.002965 1.447717
0.195300 0.012246 1.588789
0.587855 0.125683 1.842572
0.386373 -0.012516 1.459228
0.583692 0.126412 1.638438
0.570975 -0.032449 1.553727
0.528359 0.124339 2.015592
0.491279 -0.280327 1.833212
0.560374 0.168121 1.734709
0.560899 0.088952 1.770513
0.403030 0.026835 1.583089
0.572637 -0.285497 1.847298
0.570349 -0.171788 1.668961
0.566935 -0.029737 1.912319
0.469875 0.122645 1.564419
0.589451 -0.076362 1.645219
0.320490 -0.147002 1.958872
0.474488 0.225048 1.953509
0.419194 0.190412 1.994471
0.614143 -0.199019 1.771436
0.427135 0.262552 1.608604
0.429442 -0.260491 1.692088
0.492803 0.097962 1.627646
0.560064 -0.177704 1.653205
0.464663 0.125787 1.978902
0.559839 0.108200 1.508211
0.261894 0.122233 1.667360
0.470630 -0.200085 1.519513
0.592482 -0.050687 1.597024
0.687665 0.142093 1.876206
0.757130 0.046681 1.874810
0.345747 -0.143147 1.853509
0.370418 0.231679 1.904553
0.197196 -0.046853 1.668121
0.580783 -0.180965 1.663386
0.424358 0.167505 1.569355
0.520918 0.109741 1.584969
0.617978 0.287021 1.773599
0.388897 -0.293980 1.651149
0.595167 -0.114828 1.724733
0.272145 -0.141458 1.545342
0.571793 -0.218227 1.954019
0.668749 0.066811 1.930180
0.230103 0.152919 1.745860
0.210278 0.012966 1.593759
0.388921 0.132147 1.562356
0.450549 -0.015670 1.738327
0.356392 0.112054 1.943881
0.274435 0.047742 1.485998
0.386706 0.157027 1.699648
0.251580 -0.020627 1.530537
0.501900 0.052682 1.937834
0.510994 0.097180 1.858737
0.386425 -0.206727 1.529510
0.437503 0.014667 1.700125
0.307930 0.276096 1.870402
0.502139 0.025968 2.045329
0.399269 -0.312977 1.858873
0.388424 -0.116234 1.479758
0.499525 0.200013 1.895011
0.410289 -0.126552 1.946002
0.543403 0.182125 1.774949
0.300324 -0.033477 1.626009
0.261144 -0.202643 1.589989
0.578940 -0.018300 1.773127
0.178479 -0.144600 1.752924
0.539618 0.155582 1.717703
0.384309 -0.076083 1.888824
0.445290 -0.227911 1.751748
0.247316 0.117306 1.880304
0.341904 0.031210 1.976808
0.410637 -0.164427 2.014325
0.260001 -0.223635 1.632652
0.429022 -0.131841 1.622021
0.537695 -0.167759 1.492201
0.273271 -0.098877 1.686275
0.218802 -0.035757 1.702501
0.591870 -0.188626 1.867916
0.441616 0.180407 1.947157
0.527637 -0.044504 1.527946
0.629724 -0.172086 1.970259
0.512215 0.206426 1.820061
0.234804 0.162317 1.860132
0.413815 -0.292602 1.705288
0.153206 -0.051163 1.774201
0.150590 0.140140 1.786149
0.586418 -0.260407 1.627637
0.529057 -0.185937 2.021388
0.296130 -0.059073 1.593751
0.506749 -0.068978 1.781041
0.649752 -0.048169 1.992308
0.589967 -0.126664 1.581580
0.380230 -0.050204 1.544218
0.517134 -0.018122 1.974732
0.609569 -0.038234 1.564620
0.504651 -0.212222 1.788228
0.486280 -0.222955 1.690849
0.288152 0.124263 1.742300
0.494623 0.023972 1.872205
0.416281 0.128283 1.650410
0.174247 -0.138331 1.688046
0.448836 -0.057421 2.088888
0.563042 0.273661 1.640088
0.346099 0.270835 1.778865
0.536800 0.256663 1.875728
0.689594 -0.092109 1.684997
0.433255 -0.054517 1.748105
0.242201 0.145390 1.841627
0.335540 0.025600 1.993170
0.533522 -0.290270 1.786077
0.381606 0.128289 1.497670
0.556525 -0.211898 1.625327
0.285074 0.116895 1.798097
0.534681 -0.007653 1.734377
0.536410 -0.197761 1.914159
0.293025 0.090517 1.720767
0.308950 -0.208498 1.755640
0.639232 -0.027199 2.031725
0.557796 -0.123111 1.940132
0.356635 0.051331 1.510538
0.603933 0.201093 1.714300
0.546004 -0.023451 1.483944
0.293582 -0.006161 1.986302
0.497923 -0.098645 1.968880
0.619264 0.189760 1.866168
0.531919 0.135266 1.667424
0.226823 -0.029396 1.807867
0.391988 -0.107394 1.584038
0.470100 0.224728 1.700721
0.558834 0.005029 1.974011
0.419560 0.125233 2.057212
0.446986 -0.216664 1.909693
0.498576 -0.026826 1.617195
0.370520 -0.214662 1.678903
0.468295 -0.114005 1.710124
0.504199 0.213510 1.919363
0.315249 0.116908 1.648230
0.275234 0.251433 1.700408
0.316666 0.157053 1.605955
0.288765 -0.120993 1.545777
0.384214 -0.034875 1.745722
0.501457 0.032004 1.931603
0.278720 -0.029376 1.497417
0.638653 0.084338 1.874779
0.325090 0.228409 1.696365
0.242231 -0.124644 1.946157
0.290881 0.058552 1.694643
0.401765 0.029632 1.545554
0.598245 -0.150239 1.877015
0.500367 0.041160 1.704792
0.492184 0.235772 1.875231
0.289649 -0.106337 1.598252
0.315951 -0.092397 1.539778
0.461502 -0.290127 1.616642
0.558461 -0.114024 1.841372
0.512062 -0.066618 2.047224
0.444862 0.148490 1.877951
0.744626 -0.020055 1.731877
0.300936 -0.173923 1.902306
0.412945 -0.015228 1.912767
0.618161 0.234010 1.627316
0.742921 0.008970 1.794789
0.452698 0.056034 1.977867
0.236276 0.059752 1.552065
0.481043 0.200919 1.890788
0.528477 0.171550 1.777620
0.557580 0.257611 1.901318
0.424284 -0.191651 1.507050
0.455719 0.070234 1.463739
0.321215 0.157429 1.518165
0.449102 0.004979 1.549755
0.390762 -0.033879 1.894553
0.597847 0.141306 1.888384
0.293402 -0.034024 1.520768
0.471805 -0.127054 1.554369
0.338965 -0.019200 1.656380
0.737891 -0.057610 1.878043
0.511353 0.048012 1.694758
0.549316 0.156050 1.622377
0.293940 0.046415 1.736118
0.616121 0.053127 1.499834
0.679755 -0.136712 1.671413
0.232238 0.108540 1.976968
0.480814 0.276888 1.833656
0.477169 -0.254207 1.908720
0.551372 -0.095876 1.497608
0.696348 0.075248 1.879890
0.722032 0.058903 1.854672
0.469551 0.173548 1.683760
0.616757 0.097157 1.647729
0.377733 -0.297438 1.746014
0.205821 0.021121 1.673436
0.258690 -0.096382 1.554483
0.618737 0.153430 1.706896
0.447655 -0.234385 1.663166
0.544069 -0.010744 1.970873
0.258168 -0.022874 1.974409
0.656018 0.058191 1.876187
0.591211 0.292571 1.736061
0.351497 0.015357 1.519966
0.553407 0.139903 1.996644
0.494607 0.087894 1.627528
0.387236 -0.003676 1.499969
0.246063 0.108140 1.868583
0.537037 -0.196635 1.898079
0.646312 0.059391 1.962365
0.518245 -0.074188 1.460465
0.335313 -0.040493 1.919945
0.288605 -0.213978 1.689817
0.391088 0.161675 2.004336
0.667217 0.110875 1.542606
0.342555 0.250687 1.703650
0.506416 -0.051226 1.609919
0.592942 -0.139048 1.760485
0.438107 0.046363 1.464481
0.493166 -0.277038 1.678879
0.549592 0.186702 1.956420
0.388070 -0.286768 1.839164
0.634329 -0.042221 1.927551
0.295233 -0.121208 2.033860
0.744902 -0.033262 1.915002
0.500982 0.190152 2.027808
0.517607 0.178697 1.952362
0.650888 -0.008114 1.878319
0.478202 -0.102965 1.837808
0.237878 -0.156190 1.804772
0.523102 -0.173495 1.811409
0.282791 0.176557 1.548051
0.310911 -0.034367 2.043777
0.293843 0.121901 1.551728
0.208900 0.219676 1.727584
0.645232 -0.087204 1.998388
0.506056 0.051968 2.015057
0.445928 -0.079329 2.046282
0.528927 -0.186692 1.867830
0.556895 -0.078453 1.613472
0.252255 0.056723 1.695276
0.352273 -0.112880 1.849049
0.162072 -0.081674 1.681542
0.583774 0.193934 1.804032
0.543881 0.091425 1.536678
0.288033 -0.069221 1.849090
0.181492 -0.004301 1.762580
0.247767 0.160712 1.687006
0.354969 0.136801 1.785026
0.688328 -0.103065 1.588567
0.698754 0.177490 1.634856
0.446487 -0.258225 1.578875
0.330963 0.074739 1.623457
0.562928 -0.027041 1.917206
0.343528 0.159023 1.848442
0.311913 0.143577 1.884432
0.245691 0.146939 1.674596
0.734107 0.009973 1.737214
0.338834 -0.113574 1.760698
0.513470 -0.137023 1.815682
0.378561 0.219997 1.965247
0.292987 -0.070000 1.751120
0.424540 0.249613 1.760670
0.540395 0.161534 1.613923
0.269357 0.193723 1.833320
0.257270 0.169641 1.731918
0.370574 -0.210660 1.713619
0.413707 0.291466 1.728605
0.317376 -0.018686 2.011512
0.501831 0.044212 1.738190
0.591628 -0.112591 1.774005
0.389923 -0.015139 1.709885
0.399188 0.102187 1.654519
0.309806 -0.026531 1.715206
0.568860 0.101882 1.955083
0.461716 0.277887 1.755179
0.310663 0.015341 1.473772
0.245610 0.239320 1.741736
0.433719 -0.144251 1.514518
0.656062 -0.143915 1.794609
0.621548 -0.204220 1.716267
0.383819 0.043815 1.565597
0.727467 -0.119380 1.873073
0.732067 -0.039362 1.848522
0.253545 -0.091410 1.562621
0.479671 0.243207 1.932811
0.403642 -0.101928 1.736509
0.572854 0.126037 1.614984
0.328047 -0.200619 1.828046
0.663277 -0.043034 1.530452
0.301058 -0.190593 1.677002
0.572675 0.237064 1.893960
0.515941 0.289767 1.871252
0.381828 0.071538 1.863534
0.435529 -0.242714 1.825970
0.494216 -0.260993 1.750872
0.183432 -0.050930 1.654797
0.226663 -0.035433 1.816761
0.645333 -0.122473 1.593835
0.498869 -0.116025 1.988105
0.525181 0.052424 1.630880
0.411432 0.291053 1.887100
0.304260 0.275120 1.788264
0.384274 0.124743 1.523704
0.367627 -0.213225 1.606735
0.255595 -0.170313 1.639808
0.418740 -0.030879 2.072845
0.616649 0.142422 1.950993
0.526340 -0.015696 1.910736
0.615122 -0.120843 1.544053
0.547422 0.109741 2.003350
0.619933 0.015927 1.577382
0.319120 0.282069 1.819631
0.565004 0.123841 2.021433
0.503202 0.027961 1.533564
0.616255 0.222040 1.612172
0.267254 -0.191349 1.955226
0.618183 0.052746 2.027304
0.700733 -0.140154 1.741872
0.385661 -0.141931 1.737522
0.289096 0.129167 2.023157
0.341667 -0.164255 1.941849
0.518353 -0.084694 1.779540
0.624683 -0.014357 1.902275
0.561497 0.072138 1.517770
0.263086 0.037363 1.531951
0.313195 0.080976 2.050928
0.368193 -0.035612 1.813739
0.348474 0.121177 1.572374
0.172815 -0.054043 1.688794
0.376559 0.051557 1.869140
0.427150 0.024701 1.485793
0.309304 0.110539 1.989648
0.343622 0.027575 2.031767
0.201173 0.114244 1.927777
0.447026 0.175783 1.636633
0.417264 0.053832 1.632890
0.246945 0.178239 1.631928
0.438969 0.272259 1.655510
0.315901 -0.023432 2.023783
0.545563 -0.202460 1.519322
0.437696 -0.084823 1.519784
0.262356 0.195222 1.604060
0.450875 -0.020075 2.026210
0.467666 0.067100 1.686507
0.701136 -0.159947 1.636717
0.369413 -0.056884 1.912682
0.189812 -0.092537 1.912609
0.502648 0.085935 1.742536
0.638077 -0.182890 1.709294
0.539543 0.056053 1.643467
0.347312 -0.106750 1.479674
0.452586 0.184457 2.018170
0.488621 0.226839 1.820518
0.592812 0.175789 1.704175
0.437069 -0.157022 1.729557
0.444872 -0.092838 1.877498
0.322048 -0.052671 1.921356
0.291728 -0.089756 1.964654
0.651957 0.122324 1.703522
0.236681 0.051405 1.929625
0.334494 0.102636 1.622852
0.573723 0.050512 2.035083
0.325429 0.103365 1.498117
0.499845 -0.253572 1.968077
0.333039 0.193878 1.903887
0.441668 -0.015608 2.088427
0.204302 -0.067648 1.888020
0.554142 0.240010 1.708084
0.381823 0.014129 1.693326
0.734775 -0.009060 1.892072
0.542352 -0.003511 1.745744
0.254307 0.019223 1.824485
0.400188 -0.016983 1.709642
0.668913 0.100556 1.538586
0.299609 0.076140 1.796488
0.354491 0.123862 2.024345
0.523704 0.078264 1.812679
0.722429 0.027088 1.711255
0.534591 -0.150017 1.895304
0.159716 0.152878 1.738095
0.329717 0.128164 1.845880
0.267136 0.017161 2.020649
0.412042 -0.098675 1.689266
0.357444 0.247729 1.585163
0.397468 -0.264218 1.790227
0.233805 -0.122991 1.873925
0.509301 0.102733 1.972759
0.576675 0.098536 1.658914
0.490422 0.008637 1.698549
0.452128 0.208294 1.986684
0.559735 0.143468 1.613693
0.412173 0.044082 1.501945
0.160864 0.116752 1.803890
0.421866 0.010714 1.437509
0.655844 -0.208060 1.905249
0.647776 0.048913 1.558504
0.269471 -0.010310 2.042823
0.247066 0.182966 1.825031
0.508168 0.250320 1.959514
0.692484 0.037486 1.749482
0.194340 -0.209806 1.773161
0.687588 0.043905 1.977489
0.665070 0.015804 1.910035
0.311057 -0.133826 1.725633
0.660164 -0.123454 1.707656
0.494281 0.235024 1.728472
0.436189 0.013174 1.925792
0.617454 0.141905 1.963298
0.577740 0.022933 1.977911
0.630041 -0.257741 1.670358
0.347498 -0.155378 1.627954
0.533940 0.010165 1.792139
0.513309 -0.315453 1.683116
0.199992 -0.177675 1.725876
0.487785 0.059466 1.492223
0.499092 -0.225632 1.936297
0.480889 0.008910 1.474902
0.711872 0.031883 1.799232
0.468288 0.228137 1.548405
0.528819 -0.170067 1.796254
0.156143 0.103069 1.882374
0.737122 -0.046964 1.874927
0.759541 -0.122073 1.782034
0.295452 0.014207 1.995850
0.641361 -0.183444 1.944199
0.459033 -0.094584 1.741075
0.646072 -0.143031 1.963389
0.736569 -0.034437 1.713432
0.155967 0.001188 1.645872
0.258955 -0.116398 1.688812
0.449281 0.281000 1.684373
0.549975 0.063833 1.705957
0.324523 -0.141549 1.743969
0.225123 0.163275 1.937782
0.607105 0.032613 1.625114
0.330824 -0.024279 1.797553
0.395181 0.144853 2.047050
0.617808 0.010298 1.535492
0.574975 -0.016806 1.612383
0.544559 -0.126103 1.844086
0.367307 0.162758 1.696264
0.652139 0.103860 1.884481
0.720084 -0.100519 1.744685
0.506291 0.239573 1.728055
0.537169 0.026029 1.586746
0.464462 -0.263336 1.812112
0.452472 0.092655 1.652413
0.331200 -0.077279 1.890932
0.507079 0.204152 1.871231
0.330730 -0.191231 1.727387
0.548494 0.006026 1.568540
0.455044 0.092972 2.043293
0.489983 0.281881 1.749043
0.372010 0.254001 1.928814
0.321022 -0.275793 1.757307
0.584330 -0.022974 1.514619
0.597596 -0.224981 1.758515
0.614256 -0.035849 1.676932
0.336787 -0.177367 1.616031
0.601195 0.106587 1.763119
0.342911 0.298906 1.832512
0.284654 -0.206326 1.764261
0.315117 -0.044375 1.990261
0.440074 0.138428 1.704606
0.470299 0.225886 1.863574
0.270929 0.208214 1.658888
0.343744 -0.096533 1.783050
0.496339 0.054610 1.858461
0.456239 0.283456 1.862960
0.448098 -0.163403 1.820199
0.394286 -0.210636 1.824399
0.326566 -0.222058 1.633060
0.554970 0.121032 1.659641
0.386254 -0.065083 1.820879
0.701025 0.059759 1.971005
0.263879 0.000423 1.872086
0.653457 0.052706 1.852497
0.561832 0.194910 1.622001
0.612133 -0.163609 1.610262
0.688706 0.130068 1.660727
0.575380 -0.161792 1.560610
0.323476 -0.218426 1.892761
0.446193 -0.076380 1.900926
0.340929 0.076875 1.651225
0.447950 -0.224052 1.642474
0.659936 0.105608 1.736071
0.452509 0.167650 2.047912
0.681446 0.128381 1.606357
0.455284 -0.063547 1.687030
0.515769 -0.151076 1.632164
0.414950 0.034387 1.468843
0.488274 -0.216622 1.995092
0.517215 -0.145799 1.954104
0.219769 0.029113 1.571964
0.296678 0.101049 1.555417
0.432583 -0.174167 1.913170
0.538419 0.299285 1.724980
0.358468 0.107719 1.492726
0.496298 0.067534 1.529872
0.248534 -0.016873 1.995326
0.222497 0.061065 1.669273
0.659662 0.090979 1.982399
0.684620 0.113483 1.645102
0.431405 0.300761 1.712674
0.560668 0.071306 1.882636
0.221813 0.204353 1.688481
0.299001 0.013459 1.556048
0.293609 0.204314 1.880183
0.487090 0.047886 2.091186
0.396870 0.020209 1.669685
0.341923 0.244029 1.579747
0.747143 -0.023949 1.728182
0.446614 0.025592 1.468515
0.591868 0.017628 1.659250
0.588367 0.228302 1.871905
0.278006 0.023925 1.860363
0.289304 -0.162603 1.576042
0.558088 0.127623 1.723388
0.518918 -0.172745 1.766842
0.712256 0.095190 1.818083
0.521032 0.129996 1.812491
0.418106 0.154723 1.586607
0.348198 -0.079771 1.547338
0.726052 0.092808 1.861515
0.459996 0.095592 1.945528
0.453981 -0.149425 2.033555
0.643755 0.116163 1.734706
0.264332 0.061461 1.728360
0.352168 0.146915 1.549244
0.451015 0.176586 1.903913
0.377741 0.151772 1.514678
0.266689 -0.122893 1.582753
0.491299 0.193439 1.679795
0.356948 0.253496 1.794549
0.503076 -0.193918 1.952291
0.311290 0.109719 1.727540
0.406633 -0.095311 1.820855
0.693606 0.001336 1.782606
0.434322 0.027990 1.806526
0.609148 -0.266243 1.882002
0.366945 -0.120421 1.666601
0.671771 -0.008154 1.550706
0.360206 -0.294861 1.826122
0.420687 0.128107 1.969325
0.194073 -0.192766 1.673375
0.553954 0.072343 1.724986
0.481043 -0.108982 1.517616
0.424559 0.052766 2.053387
0.186864 -0.052528 1.745539
0.697895 0.185931 1.737292
0.398121 -0.056667 1.764329
0.383842 0.283568 1.657103
0.454928 -0.271819 1.891319
0.235382 -0.087089 1.680236
0.521129 0.310814 1.810040
0.320014 -0.231413 1.752680
0.229854 0.046500 1.692698
0.293594 -0.192947 1.944379
0.331687 0.047516 1.540501
0.459089 -0.214184 1.862530
0.482260 -0.219565 1.865723
0.168094 -0.001016 1.871186
0.337437 0.154297 1.600600
0.324686 -0.229654 1.615024
0.501766 0.083362 1.896719
0.247554 0.007979 1.839373
0.570800 -0.008871 2.049117
0.338557 0.113488 1.970549
0.318638 0.208820 1.974779
0.472032 -0.153772 1.577301
0.489674 0.153315 1.837341
0.771497 0.001522 1.732319
0.316914 0.123235 1.805279
0.255396 -0.034323 1.523245
0.617872 -0.115471 1.770619
0.615466 0.060568 1.484809
0.469002 -0.188580 1.830534
0.702264 0.002121 1.569373
0.305626 0.112326 1.560529
0.237965 0.089440 1.537390
0.397709 -0.225958 1.917883
0.664860 -0.184681 1.940213
0.278528 0.230672 1.728278
0.681351 0.083116 1.712313
0.441854 -0.064168 1.799378
0.576147 0.155890 1.614706
0.446459 0.081731 1.592531
0.514605 -0.314590 1.687299
0.599929 -0.124748 1.795206
0.331553 -0.190613 1.777848
0.749137 0.139095 1.739788
0.513271 0.259654 1.772614
0.280868 -0.049530 1.775420
0.540239 0.057182 1.979832
0.557913 -0.006799 1.836571
0.760490 0.080279 1.776908
0.438438 -0.162488 1.921348
0.735031 -0.025972 1.789892
0.614290 0.194963 1.550703
0.574885 -0.165334 1.883851
0.288718 0.123861 1.777536
0.410501 0.240599 1.559396
0.287741 -0.033347 1.930400
0.295689 -0.098170 1.625974
0.232360 -0.112896 1.714030
0.433413 0.005072 1.772872
0.467823 0.129579 1.885326
0.256642 0.010537 1.644851
0.392858 0.082707 1.494133
0.644333 -0.018395 1.869246
0.264008 0.240675 1.789021
0.482585 0.224968 1.865529
0.661328 -0.135999 1.957419
0.423671 0.220219 1.728510
0.518333 -0.069608 1.797869
0.423640 0.046454 1.583241
0.325993 0.252686 1.755118
0.514702 -0.155563 2.041258
0.457848 -0.275963 1.597943
0.419796 -0.168230 1.909729
0.413727 -0.223570 1.751138
0.607886 0.020387 1.603247
0.497012 -0.241939 1.715077
0.236983 0.106524 1.787961
0.367668 0.111802 1.802000
0.752787 0.104126 1.731411
0.546220 -0.022680 1.845156
0.405430 0.196237 1.878836
0.566256 0.098010 1.527216
0.574878 0.098600 1.478619
0.676041 0.099965 1.789998
0.599942 -0.019927 1.546238
0.273011 -0.147309 1.537796
0.550818 0.260253 1.759971
0.389220 -0.161573 1.735390
0.650208 -0.219025 1.827033
0.330334 0.208107 1.628436
0.668705 -0.108644 1.804573
0.221079 0.145695 1.632759
0.478048 -0.009906 1.622383
0.359260 0.178011 1.521903
0.395127 0.148092 1.977609
0.650989 -0.172278 1.728007
0.361235 -0.189030 1.865174
0.257154 0.030179 1.849770
0.761340 -0.080334 1.773898
0.681719 0.162755 1.637764
0.514753 0.189541 1.899622
0.704573 -0.047313 1.746813
0.286766 0.220899 1.685753
0.489686 0.118204 1.642297
0.649530 0.162553 1.900112
0.354169 0.272379 1.847699
0.494518 0.183322 2.033642
0.584169 0.022587 1.729954
0.472846 0.032913 1.558869
0.205827 0.043579 1.715659
0.391411 -0.214960 1.805514
0.674922 0.086214 1.648988
0.752712 0.022404 1.796384
0.528242 -0.092411 1.866241
0.449439 -0.192929 1.519499
0.192928 -0.083793 1.893334
0.625154 0.039827 1.653629
0.400751 -0.323830 1.776585
0.155557 -0.147372 1.771054
0.580578 -0.099287 1.537032
0.357767 0.178681 1.571571
0.664681 -0.208658 1.818242
0.714587 -0.081853 1.898937
0.605479 -0.172414 1.632396
0.313555 0.215625 1.804552
0.189247 0.099297 1.716472
0.566006 -0.006974 1.649729
0.364862 0.019850 1.830135
0.610164 -0.118464 1.609374
0.702026 0.053527 1.881817
0.416050 0.024696 1.543104
0.462809 -0.107431 2.028862
0.381619 0.268522 1.932413
0.510586 0.215660 1.937637
0.328406 -0.143597 1.907505
0.227301 -0.035887 1.867298
0.342971 -0.153245 1.808669
0.338565 -0.144325 1.883332
0.437458 -0.211513 1.606300
0.249723 -0.046920 1.681378
0.220414 -0.188284 1.745903
0.710240 -0.070424 1.833258
0.518902 -0.045537 1.821640
0.171710 -0.143373 1.685659
0.336323 0.158140 1.681773
0.382089 0.059422 1.517338
0.420692 0.090665 1.530591
0.247029 0.045225 1.743629
0.306664 0.191250 1.916333
0.283887 -0.130074 1.637664
0.509068 -0.044701 1.525611
0.614513 -0.053784 1.485083
0.359440 -0.262514 1.844490
0.293748 -0.098813 1.603334
0.354014 0.132152 1.903986
0.240278 0.043026 1.698814
0.690909 0.174780 1.886672
0.535285 -0.258407 1.673074
0.268081 -0.143482 1.717031
0.443034 -0.014676 2.007179
0.508882 -0.137803 1.751892
0.450910 0.081473 1.840727
0.613382 0.211688 1.575858
0.223206 0.087499 1.689633
0.529056 0.151838 1.570435
0.416107 0.099298 1.760682
0.164329 0.132473 1.704889
0.298506 -0.149936 1.761254
0.246011 0.154718 1.691883
0.384605 0.177102 1.772857
0.309613 -0.153007 1.592736
0.479869 -0.026072 1.619013
0.325373 0.029003 1.485601
0.682468 -0.077362 1.790236
0.317175 -0.017188 1.891949
0.592892 -0.297498 1.806253
0.569839 0.031109 2.005620
0.312732 0.130177 1.584727
0.744493 -0.027331 1.863108
0.341688 -0.011204 1.825684
0.510124 -0.250618 1.670374
0.332794 0.068507 1.649320
0.275732 -0.165853 1.938801
0.451981 -0.290145 1.719353
0.254369 0.129054 1.727627
0.391944 -0.096331 1.824835
0.521899 0.073924 1.607936
0.489681 0.015333 1.860818
0.490479 -0.064393 1.464771
0.291542 0.107232 1.724280
0.259938 0.025472 1.591749
0.381160 0.015226 1.515787
0.514623 -0.247629 1.846501
0.303445 0.182846 1.531625
0.305745 -0.138588 1.788346
0.594948 0.107510 1.896164
0.307885 0.122305 1.937954
0.351892 0.007852 1.916531
0.173898 -0.011713 1.594662
0.349640 0.133972 1.935013
0.591056 0.266505 1.671465
0.491916 -0.005924 1.763641
0.587593 -0.085555 1.649672
