0.449838 0.249885 1.681501
0.617606 -0.176647 1.890184
0.269260 -0.250872 1.862771
0.161115 0.067239 1.781747
0.600296 0.226530 1.621902
0.409625 -0.171249 1.724921
0.534155 0.048420 1.857430
0.264508 -0.246186 1.831470
0.449009 0.069411 2.048286
0.634271 -0.085920 1.946803
0.490001 0.067766 2.003157
0.375943 0.082297 1.926050
0.331946 -0.190918 1.901180
0.409973 0.112239 1.856550
0.429395 0.255721 1.798096
0.259209 -0.019282 1.578829
0.479841 0.102812 1.681196
0.575734 -0.026095 1.792923
0.455312 0.206732 1.989572
0.550699 0.190898 1.580735
0.621015 -0.109828 1.949507
0.563044 0.024785 1.605041
0.556254 -0.150196 1.517835
0.300281 0.040281 1.723501
0.395118 0.012820 1.818724
0.744687 0.149610 1.769002
0.371460 0.005059 1.720646
0.665200 -0.086533 1.670740
0.235972 0.033970 1.946125
0.542363 -0.085389 1.534575
0.686814 -0.171600 1.635487
0.212276 0.013644 1.937203
0.407029 0.094425 2.060558
0.310048 -0.198930 1.952888
0.543769 0.306329 1.716584
0.305943 0.294519 1.767196
0.309507 -0.093723 1.916937
0.403261 0.027439 2.087672
0.384972 0.026833 1.991644
0.537145 0.265733 1.751394
0.688549 0.144164 1.770862
0.637439 0.140420 1.734415
0.357104 0.074085 1.856554
0.408763 0.064551 1.708440
0.502354 0.170310 1.853870
0.463363 -0.054569 1.743736
0.296605 0.108630 1.729032
0.418975 -0.202742 1.923983
0.583969 0.154774 1.587627
0.611136 0.158982 1.995447
0.403379 -0.124645 1.565247
0.197695 0.102264 1.829600
0.393244 -0.221092 1.671564
0.351483 -0.096525 1.558495
0.422301 0.055059 1.940485
0.510513 0.057593 1.926042
0.534342 0.118606 1.601762
0.280523 0.118190 1.689887
0.374105 0.001113 2.067206
0.198160 -0.134647 1.755698
0.709212 0.020880 1.769130
0.624350 0.136525 1.652621
0.310707 0.102143 1.707245
0.224970 -0.204881 1.767008
0.540406 -0.177341 1.549472
0.486679 0.124402 1.661258
0.287646 0.279649 1.788525
0.600244 -0.062247 1.601786
0.373094 0.190984 1.982476
0.290633 0.251884 1.638907
0.229235 0.170077 1.701114
0.486528 0.053883 1.471403
0.209046 0.160044 1.841017
0.356294 -0.156418 1.763552
0.464736 0.253389 1.708889
0.639085 0.032517 2.019776
0.244200 -0.218261 1.803415
0.427804 0.210658 1.871402
0.677458 -0.096044 1.889808
0.403307 0.067339 1.777606
0.612688 -0.121117 1.922583
0.219410 -0.045616 1.930268
0.268081 -0.162250 1.538154
0.248770 0.147573 1.881606
0.371700 -0.000294 1.784102
0.550032 -0.146887 2.030825
0.662577 -0.084638 1.899944
0.397126 -0.076382 1.602433
0.463790 0.197980 1.650144
0.543319 0.109257 2.052497
0.504857 -0.019942 1.893296
0.487805 0.062530 2.082445
0.555443 -0.248331 1.813140
0.707501 0.155359 1.672254
0.617300 -0.277647 1.814040
0.417100 0.066652 1.970015
0.569878 0.173194 1.948936
0.212439 0.126046 1.663490
0.223977 0.052649 1.652217
0.316648 -0.167550 1.518517
0.537676 -0.192045 1.794251
0.438579 -0.081836 1.631720
0.392685 -0.239393 1.786977
0.593911 -0.230683 1.587624
0.140124 -0.075322 1.852004
0.436997 0.275474 1.719864
0.547350 -0.099744 1.579103
0.534872 0.098988 2.061802
0.735716 -0.071479 1.800325
0.503585 -0.198496 1.945583
0.386051 -0.231859 1.811162
0.441462 -0.047453 1.892345
0.211525 0.115312 1.929318
0.352919 0.264025 1.834014
0.474191 0.158158 1.565068
0.588820 0.112111 1.590631
0.477800 0.144706 1.996333
0.350267 0.033908 1.621498
0.710016 0.132027 1.642042
0.296417 -0.217377 1.789732
0.226124 -0.161365 1.789360
0.605909 0.223926 1.584801
0.715249 0.043893 1.929899
0.234716 -0.098131 1.884740
0.342280 0.073727 1.562438
0.562570 0.070040 2.050315
0.230717 0.234059 1.818722
0.565627 0.002723 2.049327
0.620034 0.258608 1.662750
0.597064 -0.019011 1.726235
0.368348 0.051037 1.734963
0.431928 0.292944 1.727859
0.382132 0.207756 1.989047
0.465072 0.075514 1.976680
0.401335 -0.076410 1.701511
0.584988 0.167597 1.671713
0.282028 -0.004704 1.553263
0.571681 0.172312 1.654309
0.563735 0.004479 1.780292
0.180238 0.045595 1.763477
0.420578 0.204593 1.631901
0.300302 0.178111 1.577037
0.627145 0.128298 1.960888
0.584919 0.028002 1.561998
0.255452 -0.023420 1.500569
0.354080 -0.205800 1.922200
0.459502 -0.001783 1.542417
0.151817 -0.097508 1.680591
0.213479 -0.101266 1.908906
0.228517 -0.101635 1.773395
0.507779 -0.181897 1.547149
0.225557 0.035435 1.669835
0.557164 0.267165 1.900610
0.282188 0.171861 1.582991
0.613274 -0.064529 1.548534
0.686613 -0.060168 1.964055
0.415725 -0.070212 1.618648
0.534745 -0.107465 1.963294
0.471867 -0.044744 1.584417
0.460177 0.180187 1.792891
0.383794 0.236230 1.675920
0.160102 0.090875 1.892078
0.502133 0.097815 1.611061
0.257306 -0.085023 1.671094
0.436346 -0.057440 1.966819
0.576097 0.010765 1.986389
0.538526 0.029883 1.528552
0.445697 -0.253752 1.945734
0.337268 -0.011410 1.943076
0.310363 -0.011098 1.566517
0.680141 -0.052670 1.716226
0.267722 -0.192149 1.632430
0.716215 -0.162127 1.688553
0.362959 0.085633 1.854247
0.758195 -0.011850 1.855228
0.425524 -0.177426 1.911021
0.519902 -0.316037 1.764908
0.628397 0.204179 1.736556
0.293085 -0.023433 2.001465
0.491797 -0.187451 1.627977
0.527544 0.144927 1.659789
0.457577 0.018373 1.451839
0.263761 -0.162892 1.846514
0.625691 -0.101524 1.866381
0.543740 -0.183316 1.657795
0.596091 -0.041127 1.732635
0.610004 0.186713 1.751336
0.344566 -0.269809 1.881715
0.569930 0.037830 1.663073
0.622498 -0.091763 1.861859
0.223030 -0.004470 1.649690
0.236874 0.235229 1.672766
0.401061 0.033927 1.493113
0.276204 -0.160198 1.936046
0.391453 -0.061977 1.750566
0.350232 -0.045295 1.607215
0.494498 -0.105528 1.799837
0.549617 0.148785 1.886411
0.509906 0.197412 2.026684
0.497568 -0.220226 1.817254
0.407396 0.041375 1.551994
0.486440 0.154200 1.954479
0.602493 0.132806 1.757721
0.748827 0.051945 1.656165
0.491638 0.142592 1.867923
0.379916 -0.099090 1.759664
0.625749 -0.208924 1.773575
0.259083 0.227873 1.673384
0.595164 -0.050113 1.473513
0.667912 -0.040992 1.887805
0.522231 -0.055357 1.990793
0.252221 0.049430 1.950546
0.440279 -0.006876 1.713905
0.193864 -0.122208 1.834607
0.478470 0.178329 1.568471
0.548449 0.083392 2.040719
0.515152 0.312349 1.718161
0.673939 -0.044725 1.687350
0.511825 0.247837 1.968998
0.204967 -0.064530 1.836082
0.410994 0.185091 1.775325
0.389157 -0.137541 1.599200
0.290707 0.140800 1.516666
0.535499 -0.141209 1.962873
0.677782 0.114688 1.658591
0.247500 0.247535 1.801364
0.346585 0.171161 1.891291
0.245151 -0.040219 1.609563
0.572337 0.136530 2.020521
0.245727 0.033692 1.608640
0.425344 -0.006903 1.560604
0.516614 0.234742 1.677102
0.442733 0.135456 2.029292
0.557994 0.040009 1.983208
0.345310 -0.101470 1.689856
0.656722 -0.178947 1.608511
0.649593 -0.082888 1.526319
0.327541 -0.038129 1.872953
0.657244 0.038605 1.919614
0.381637 -0.154513 1.503514
0.614848 -0.224029 1.907740
0.396976 0.016043 1.541995
0.519425 0.067123 2.030188
0.635909 0.024231 1.537423
0.622145 -0.047415 1.721322
0.425163 0.136244 1.508144
0.279457 -0.278439 1.823906
0.323887 -0.231191 1.741191
0.566002 0.263431 1.829515
0.531381 -0.019517 2.010716
0.147714 0.023117 1.677942
0.434380 0.166821 1.484802
0.561802 0.112026 1.497632
0.529597 0.210324 1.744606
0.393348 -0.018909 1.651672
0.137108 -0.027208 1.811729
0.373750 0.165151 2.018121
0.434072 -0.139852 1.517948
0.475510 -0.315314 1.681411
0.513520 0.116116 1.706478
0.511991 0.132507 1.975449
0.430166 0.030927 1.895319
0.318543 0.067662 1.973254
0.632578 -0.060239 1.617989
0.405367 0.129793 1.969690
0.622671 -0.030726 1.811624
0.345037 0.075143 1.735892
0.421186 0.303239 1.853929
0.603926 0.022044 1.908864
0.367098 -0.190105 1.681880
0.551530 0.217551 1.761535
0.599213 0.039833 1.910370
0.406703 -0.060180 1.750482
0.633674 0.042892 1.748360
0.623057 0.128327 1.967275
0.226317 -0.004912 1.790938
0.338511 -0.146470 1.839458
0.627675 0.200679 1.650360
0.145830 0.001889 1.679336
0.315144 -0.116763 1.796476
0.301413 0.145074 1.599211
0.548212 -0.192711 1.794406
0.333164 -0.027621 1.703663
0.320600 -0.028781 1.816655
0.350567 0.066585 1.497864
0.272727 0.227060 1.925982
0.444803 0.230103 1.641632
0.516130 -0.046525 1.445469
0.509511 -0.253699 1.918550
0.586202 0.128360 1.501020
0.451552 -0.058591 1.856749
0.422888 -0.261569 1.911052
0.578663 -0.294315 1.676404
0.524805 0.155621 2.035750
0.708272 -0.145259 1.630704
0.615981 -0.114601 1.752087
0.528024 -0.121277 1.719794
0.644788 -0.006141 1.665591
0.611932 -0.062806 1.912760
0.598270 0.140821 1.639011
0.251280 0.010513 1.895742
0.476260 -0.257070 1.712753
0.384679 -0.138630 2.046895
0.720563 -0.148722 1.862274
0.522522 -0.136860 1.927707
0.532579 -0.276018 1.835674
0.445921 0.091019 1.483374
0.236117 0.017299 1.536955
0.403546 -0.226216 1.680991
0.224152 0.008119 1.717344
0.559092 -0.123474 2.035499
0.275108 -0.024623 1.692928
0.438013 0.275879 1.746031
0.738755 -0.049512 1.657008
0.643834 -0.129803 1.926278
0.348525 0.216574 1.674526
0.651119 0.049442 1.945773
0.424327 0.100549 1.972740
0.297344 0.057719 1.628326
0.677242 -0.110143 1.597482
0.442739 0.201492 1.744100
0.145237 0.061267 1.876540
0.465559 0.201325 1.862438
0.151696 -0.040091 1.900307
0.336938 -0.237611 1.690691
0.236522 -0.007288 1.595959
0.326829 0.116106 1.719286
0.369972 -0.188563 1.748719
0.684594 0.202472 1.886215
0.329189 0.253333 1.847901
0.327964 -0.168746 1.878588
0.600631 -0.264215 1.794651
0.331825 0.106278 1.592720
0.280830 -0.089769 1.621470
0.143872 -0.103975 1.820497
0.343429 -0.039366 1.763284
0.427006 0.098725 1.615898
0.422240 0.184845 1.942542
0.310292 0.122762 1.879079
0.608734 0.186416 1.799236
0.695266 -0.006819 1.968924
0.390910 -0.177332 1.747499
0.383530 0.065816 1.715241
0.293873 0.115354 1.496512
0.523119 0.203385 1.840895
0.459208 -0.125988 1.462879
0.422554 -0.060789 1.535315
0.516790 -0.059949 1.539075
0.525105 -0.279982 1.735494
0.418908 0.165769 1.768431
0.511241 0.142203 1.731452
0.685073 -0.088884 1.800515
0.200016 0.022211 1.620463
0.631197 -0.120883 1.801333
0.328452 0.045975 1.513425
0.571250 -0.103703 1.953352
0.471146 -0.122288 1.690077
0.349968 0.023631 1.818475
0.327517 0.212237 1.884396
0.572593 0.242245 1.852751
0.737453 -0.089803 1.825687
0.363764 0.072784 1.480263
0.733411 0.095242 1.779078
0.309164 0.068184 1.685435
0.620166 -0.054941 1.848409
0.248341 -0.054500 1.901289
0.297653 -0.291174 1.791400
0.374896 -0.171816 1.993246
0.451767 -0.118684 2.024736
0.669421 -0.081803 1.688220
0.344273 -0.233574 1.892971
0.537911 -0.006751 1.993008
0.346995 0.144415 1.595512
0.411265 0.003999 1.491010
0.434178 -0.107087 1.824852
0.515279 -0.039361 1.780080
0.290908 -0.045721 1.556203
0.462164 -0.202235 1.834382
0.427078 -0.019494 1.952175
0.417484 -0.137753 1.906422
0.344967 0.221926 1.818454
0.363128 -0.000035 1.854928
0.561520 -0.108969 2.056004
0.646516 0.185324 1.669562
0.300897 0.153826 1.988248
0.158905 -0.005953 1.914544
0.694988 0.021662 1.695662
0.158395 -0.004558 1.638034
0.270857 -0.043386 1.823550
0.299257 -0.042331 1.938655
0.316520 -0.039978 1.516162
0.398571 0.255295 1.702073
0.530569 0.007455 1.885772
0.562106 0.101557 1.974018
0.432392 0.141997 1.838071
0.506326 -0.227399 1.570463
0.330147 0.030204 1.749467
0.368165 -0.131264 1.918864
0.161737 -0.099838 1.689667
0.573247 -0.098081 1.547812
0.623170 -0.136358 1.667573
0.494175 -0.151060 1.767212
0.390127 -0.269059 1.612132
0.443004 -0.322942 1.693865
0.687606 -0.032273 1.665340
0.531186 -0.086794 1.659739
0.443179 -0.163515 2.009548
0.428056 0.291371 1.697635
0.558516 -0.079701 1.718057
0.641502 0.115753 1.641170
0.321957 -0.186270 1.588338
0.358944 -0.085171 1.855488
0.192984 -0.100716 1.640137
0.606431 0.208413 1.868081
0.184410 -0.053920 1.766971
0.256983 0.184562 1.716619
0.261815 0.057917 1.779047
0.245309 0.038603 1.953595
0.493185 -0.089770 1.629050
0.457144 -0.212751 1.707104
0.423539 -0.040241 1.565360
0.237404 -0.076562 1.798737
0.552320 0.212364 1.813629
0.665568 0.102870 1.880942
0.595370 -0.096070 1.762201
0.660552 0.008784 1.603231
0.325696 0.026728 1.508528
0.747158 0.064041 1.825693
0.523050 -0.036700 1.902981
0.254794 -0.010407 1.895275
0.432240 0.140273 1.566182
0.303858 -0.016616 1.935648
0.344297 -0.123825 1.594425
0.420286 0.014419 2.001767
0.546298 0.022625 1.638081
0.442859 0.162786 1.946661
0.352234 -0.055848 1.879814
0.256619 0.119987 1.573317
0.373252 0.043221 1.739040
0.220374 0.188797 1.770477
0.268181 -0.047466 1.567863
0.554139 -0.171091 1.502901
0.672446 -0.083551 1.820937
0.456859 0.050022 1.946264
0.690040 -0.045842 1.655951
0.296187 0.212307 1.965898
0.498463 0.091861 1.701669
0.472724 -0.186012 1.548087
0.299294 -0.055051 1.754296
0.292369 0.066152 1.973108
0.427697 -0.188263 1.660509
0.386537 -0.091107 1.882510
0.535303 -0.057792 2.045013
0.248984 0.063372 1.761541
0.178574 -0.058029 1.784407
0.218542 -0.104091 1.631122
0.493412 -0.067460 1.978759
0.338212 0.233519 1.796099
0.217508 0.062679 1.549433
0.514809 0.132664 1.663902
0.317371 -0.124818 2.014704
0.465552 -0.118029 1.989139
0.420836 -0.241975 1.869277
0.308962 -0.089475 1.885638
0.430819 0.018516 1.474891
0.162179 -0.053682 1.834098
0.237091 0.056221 1.819381
0.607862 -0.085241 1.629253
0.527127 -0.211807 1.555793
0.231639 0.196357 1.852879
0.747083 -0.075158 1.721272
0.362260 -0.217714 1.965086
0.569050 -0.016020 1.561815
0.315636 0.214241 1.704317
0.684847 0.179623 1.773216
0.441760 -0.259248 1.836084
0.505411 -0.004689 1.902438
0.434754 -0.315964 1.792149
0.303951 0.268065 1.810749
0.146536 -0.004123 1.668456
0.696726 -0.001906 1.881584
0.660640 0.193361 1.688051
0.400905 0.290368 1.736458
0.184250 -0.170703 1.767164
0.504041 0.270906 1.632418
0.467407 0.036173 1.986960
0.310099 -0.066549 1.823374
0.347436 0.116335 1.663498
0.277293 -0.133582 1.983643
0.493097 0.158035 1.973384
0.388394 -0.151169 1.988702
0.307564 -0.243094 1.821265
0.194156 0.091436 1.754538
0.617623 -0.002158 1.678453
0.355499 -0.035885 2.002522
0.643963 -0.044544 1.737230
0.438717 0.130830 1.616170
0.559094 -0.053762 1.867198
0.719443 -0.173937 1.772417
0.655241 -0.086873 1.641844
