0.596373 0.225801 1.636648
0.752691 -0.043925 1.648720
0.468603 -0.250418 1.654826
0.526563 0.114698 1.646333
0.637394 -0.188352 1.794364
0.401940 0.012129 1.980118
0.487520 0.045770 1.937043
0.612208 0.107058 1.944000
0.284013 -0.220626 1.741424
0.365851 0.262495 1.754951
0.443779 -0.210174 1.920902
0.553949 0.199216 1.600308
0.528001 0.200869 1.549606
0.330669 0.002561 1.797688
0.545447 0.018721 1.634338
0.271613 -0.187586 1.913266
0.386397 -0.042656 1.900682
0.279193 0.150477 1.812937
0.621869 -0.065617 1.962129
0.356321 -0.138581 1.899224
0.544642 -0.197871 1.557710
0.559775 -0.076082 1.555843
0.555446 -0.136206 1.980197
0.611753 0.202080 1.687634
0.691258 -0.065043 1.792082
0.301590 0.008217 1.722849
0.565716 0.039849 1.805022
0.448714 0.128574 1.510841
0.471928 0.026749 1.823185
0.310209 0.068385 1.785575
0.649871 -0.113852 1.958125
0.160254 -0.085436 1.873786
0.448305 -0.105201 1.959019
0.331493 -0.050908 1.621639
0.563322 0.224901 1.582603
0.477721 0.159533 1.585476
0.460939 0.141556 1.848002
0.400642 0.119575 1.687558
0.430181 0.052536 1.878103
0.395191 0.006381 1.900792
0.604772 0.071304 1.544700
0.407924 -0.036212 1.498905
0.503641 0.253228 1.863361
0.607057 -0.065795 1.597082
0.474398 -0.062932 2.059553
0.530632 0.120188 1.488438
0.344849 0.061982 1.679430
0.617720 0.083272 1.764954
0.369623 0.006134 1.648195
0.600470 0.147536 1.624434
0.290166 0.170296 1.529247
0.671102 -0.124192 1.691885
0.561912 -0.024009 1.765444
0.361901 0.189748 1.750476
0.334356 -0.089389 1.832702
0.467680 0.105115 1.974764
0.302778 -0.144874 1.776172
0.550203 0.242814 1.756559
0.669561 0.077359 1.727501
0.578395 -0.174841 1.917597
0.546124 -0.189427 1.746318
0.281522 -0.063439 1.808666
0.658591 0.100978 1.926880
0.550128 0.065332 1.467633
0.261907 -0.053717 1.579020
0.485774 -0.093910 2.079216
0.599675 -0.111748 1.622236
0.303277 -0.218760 1.896071
0.579960 -0.159177 1.567423
0.268454 -0.140317 1.559035
0.410171 -0.144844 1.524138
0.331625 -0.029689 1.960344
0.402650 0.006666 1.667700
0.467016 -0.055836 1.670691
0.509937 0.021500 1.610003
0.363526 0.068242 2.006051
0.457409 -0.130788 1.560242
0.485281 -0.200002 1.601354
0.588782 0.209817 1.926279
0.529520 -0.181339 1.515051
0.150536 -0.001364 1.882237
0.512778 -0.065269 1.452108
0.528032 0.023728 1.719497
0.646492 0.151863 1.860489
0.623371 -0.175867 1.628622
0.359658 -0.063744 1.738792
0.386062 -0.025660 2.048661
0.480563 0.158857 1.816257
0.468951 0.126585 1.940545
0.602597 0.078227 1.750895
0.512210 -0.231151 1.758161
0.407761 0.113517 2.029165
0.667111 -0.095906 1.657963
0.710675 -0.029856 1.841264
0.537215 -0.001851 1.482225
0.204384 0.008702 1.578898
0.133921 0.069087 1.687432
0.357748 0.034632 1.932306
0.501269 0.302581 1.753138
0.539057 0.012602 1.611435
0.176144 -0.023035 1.870367
0.465791 0.057658 1.987329
0.391490 -0.039680 1.953238
0.233693 -0.112101 1.645938
0.420848 -0.111230 1.847697
0.333023 -0.020833 1.690873
0.517317 -0.201297 1.534554
0.646408 -0.071295 1.508008
0.361044 -0.147769 1.714557
0.310486 -0.133524 1.965806
0.370955 0.032155 1.465969
0.578079 0.127411 2.023688
0.321902 0.050992 1.712327
0.402142 0.170594 1.522072
0.249309 0.032002 1.746562
0.443365 -0.265320 1.755896
0.437518 -0.175694 2.025812
0.622020 0.101426 1.648441
0.262899 0.110387 1.580365
0.411641 -0.267890 1.611431
0.317616 0.180446 1.970307
0.365261 -0.052071 1.644296
0.462080 -0.035593 1.695081
0.440212 -0.260676 1.951775
0.392684 0.206838 1.641878
0.279644 0.237341 1.787750
0.177511 -0.126699 1.824039
0.397954 0.007213 1.986130
0.378921 -0.249362 1.774939
0.575703 0.148373 1.964978
0.638691 -0.105310 1.797290
0.293962 -0.030989 1.867342
0.733344 -0.004578 1.837160
0.192809 -0.169256 1.785810
0.403129 -0.078208 1.525613
0.196141 0.053420 1.775478
0.313851 -0.213924 1.751348
0.418597 0.116511 1.640317
0.710402 -0.007486 1.831570
0.228679 -0.122637 1.708637
0.680950 -0.036139 1.988284
0.404124 -0.052375 1.953842
0.559768 -0.094308 1.859237
0.405671 -0.219262 1.858135
0.551467 0.035172 2.011452
0.395478 0.120211 1.594468
0.589157 0.025330 1.710945
0.579636 0.224714 1.647378
0.529809 -0.155599 1.730742
0.337441 -0.137036 1.837910
0.459254 0.159334 1.921284
0.654976 0.203610 1.695696
0.501236 0.257848 1.868007
0.522969 0.149724 2.043257
0.342858 0.005522 1.573868
0.554654 -0.196587 1.734575
0.231594 -0.046576 2.011840
0.499952 -0.143656 1.697101
0.336198 0.039017 1.659576
0.218566 -0.128438 1.664618
0.245976 -0.050473 1.604818
0.444436 -0.120192 1.874199
0.386144 0.204305 1.933677
0.568263 -0.103610 1.587522
0.247591 -0.015189 1.884456
0.728979 0.142889 1.688319
0.462939 -0.302420 1.734272
0.407710 0.161318 1.546025
0.253331 -0.237734 1.660558
0.182699 0.121609 1.721708
0.445089 -0.022136 1.671826
0.530468 0.113971 1.502019
0.356222 0.248383 1.677826
0.322931 -0.020268 1.712802
0.373181 -0.227829 1.552938
0.189809 0.042671 1.624974
0.315313 0.254969 1.768948
0.685130 -0.034277 1.851287
0.707430 -0.118288 1.612501
0.220112 -0.162281 1.694999
0.267468 -0.066568 1.582435
0.506595 -0.195116 1.916022
0.340545 0.087127 1.506045
0.677072 -0.079183 1.687523
0.318400 -0.116024 1.571634
0.365089 0.057986 1.942917
0.210248 0.087983 1.553699
0.586311 0.156433 1.519944
0.582217 0.160017 1.892629
0.376445 0.064097 2.015950
0.341566 0.016036 1.711014
0.231731 -0.142553 1.573637
0.529192 0.231621 1.659103
0.629482 0.027588 1.498630
0.445708 -0.009748 1.621219
0.503660 -0.220833 1.819797
0.566346 0.047067 1.805685
0.625325 0.059460 1.487823
0.648946 0.057002 1.646484
0.404196 0.128760 1.461588
0.674603 -0.181018 1.920891
0.466229 -0.100537 1.580609
0.453763 0.259517 1.687060
0.406240 0.000488 1.897737
0.513212 0.009873 2.003303
0.287717 0.007927 1.608028
0.514736 0.192728 1.713759
0.641595 0.165315 1.709585
0.483531 -0.134663 1.932181
0.413229 -0.244296 1.901198
0.389228 -0.205354 1.848198
0.464968 0.019178 1.683535
0.293278 0.146743 1.630922
0.405744 0.253519 1.677735
0.529326 -0.250203 1.699215
0.329200 -0.020202 1.924154
0.724697 0.118323 1.773977
0.657074 -0.129473 1.586973
0.728155 -0.112812 1.861570
0.579992 -0.043002 1.732031
0.139477 0.052580 1.751292
0.159684 0.138948 1.827157
0.564660 -0.053747 1.874234
0.321096 0.131430 1.511118
0.442383 0.116106 1.553099
0.530831 -0.126671 1.835357
0.354000 -0.099361 1.587700
0.456423 -0.020241 1.875724
0.344944 0.131622 1.815158
0.318770 -0.074066 1.952755
0.603686 -0.067698 1.847770
0.473339 -0.301841 1.774881
0.298868 -0.225807 1.701020
0.496640 -0.016115 1.449305
0.365445 0.024744 1.799714
0.567761 -0.169475 1.752521
0.166613 0.138523 1.795047
0.532278 0.081125 1.848610
0.559914 0.225071 1.790340
0.287332 -0.033782 1.819466
0.730668 0.003415 1.617772
0.379346 -0.165231 1.666160
0.295684 0.195079 1.808213
0.324407 -0.264697 1.841328
0.252502 0.056612 1.767467
0.336226 -0.072410 2.009957
0.327199 0.043061 1.997946
0.678488 0.128063 1.586640
0.449612 0.067646 1.530795
0.328400 0.048028 1.816863
0.573800 0.239552 1.668463
0.506831 0.093079 1.866902
0.348103 -0.293550 1.728426
0.276441 0.098288 1.889505
0.665410 0.234382 1.847189
0.328887 -0.216521 1.616008
0.168413 -0.075799 1.697822
0.341627 0.013392 2.050022
0.465189 0.053753 1.531101
0.164971 0.011789 1.905701
0.351860 -0.178646 1.848783
0.289453 0.035649 1.673504
0.544509 0.107563 1.587747
0.410562 -0.327985 1.772762
0.469335 -0.089037 2.078351
0.427860 -0.132193 2.047170
0.430359 -0.309624 1.847879
0.647929 0.003684 1.753880
0.640250 0.176776 1.671517
0.362949 0.055551 1.698707
0.490035 -0.277828 1.727131
0.394057 0.043536 1.659430
0.554369 -0.211005 1.541873
0.621892 0.063178 1.732060
0.228736 -0.037467 1.934950
0.382043 0.102353 1.653486
0.504141 -0.047024 1.501734
0.275037 -0.087567 1.991979
0.333203 -0.180415 1.806564
0.483193 0.028318 1.804331
0.388638 0.138200 1.694786
0.621964 0.157946 1.973854
0.629401 -0.089354 1.809751
0.631564 0.005609 1.505991
0.212656 0.124827 1.950156
0.319602 0.222615 1.616071
0.387698 -0.286908 1.743885
0.592585 0.056470 2.020380
0.445024 0.231930 1.692351
0.334641 0.010452 1.793851
0.466928 -0.029510 1.989727
0.618616 -0.088943 1.571303
0.306962 0.162477 1.946282
0.289355 -0.243285 1.862867
0.350148 0.175694 1.640147
0.443938 -0.060028 1.500154
0.170339 0.002160 1.839540
0.233835 0.132654 1.817678
0.667986 -0.029573 1.804884
0.522593 -0.198752 1.705016
0.500371 0.159397 1.734267
0.205358 0.200138 1.858283
0.304340 -0.037230 1.609399
0.407927 -0.086986 1.979757
0.486252 -0.100589 1.845083
0.663840 0.080193 1.840105
0.486399 0.033330 1.949286
0.442830 0.120835 1.710471
0.499155 -0.254267 1.660732
0.549750 0.222108 1.949030
0.639636 -0.109200 1.979037
0.654949 -0.155842 1.663052
0.479238 -0.266401 1.682576
0.454477 -0.042689 1.712593
0.672667 0.183527 1.826952
0.311734 0.159410 1.811500
0.355230 -0.133297 1.505129
0.469741 -0.296956 1.831279
0.395056 -0.139295 2.052216
0.219919 0.210769 1.834168
0.411325 0.144686 1.676606
0.270221 0.150305 1.755206
0.616869 -0.115465 1.525371
0.470159 -0.246845 1.678966
0.451052 0.206186 1.716184
0.348520 -0.268384 1.885169
0.290247 -0.086383 1.868058
0.308116 0.084338 1.553181
0.359990 0.014221 1.693243
0.469674 0.304314 1.772162
0.749566 -0.014758 1.823822
0.164735 0.006594 1.862313
0.587826 0.143685 1.782269
0.545919 -0.120383 1.666432
0.517648 0.244856 1.858982
0.414389 -0.016341 1.760225
0.673019 -0.226636 1.752553
0.437732 0.022216 1.941453
0.179096 0.011937 1.789050
0.516612 0.091921 2.054379
0.358436 0.033869 1.641716
0.241138 0.099363 1.683380
0.752645 -0.002140 1.633454
0.514200 0.276674 1.674690
0.308408 0.029552 1.587323
0.372406 0.255343 1.927605
0.428825 0.045350 1.635156
0.491822 0.084634 1.918572
0.385994 -0.021578 1.669968
0.452047 0.109116 2.041030
0.702717 -0.067623 1.629016
0.172281 -0.010905 1.639426
0.302195 -0.059461 1.631971
0.446426 -0.128822 1.806997
0.329438 0.213013 1.717889
0.439872 -0.128628 1.766955
0.285346 0.168696 1.754245
0.256693 0.255390 1.725683
0.576011 -0.223207 1.779130
0.378872 0.144013 1.956278
0.722359 -0.082454 1.776659
0.415409 0.178202 1.959029
0.404377 0.108319 1.727891
0.371088 0.213387 1.751823
0.481576 0.169877 1.710129
0.514141 0.115363 1.871423
0.393340 0.026110 1.915783
0.456803 0.059753 1.744610
0.473236 0.229841 1.844186
0.623908 -0.191191 1.747859
0.378096 -0.097727 2.053351
0.397137 -0.202372 1.849583
0.319168 0.044983 1.693687
0.607843 -0.116823 1.499751
0.388744 0.031891 1.581069
0.475667 0.120242 1.500558
0.234465 -0.205695 1.830138
0.391220 0.162729 1.781495
0.649768 -0.060869 1.886987
0.346229 -0.081860 1.986006
0.581626 0.148800 1.775660
0.408910 -0.065530 1.816806
0.406704 -0.214653 1.654743
0.219541 0.185037 1.808542
0.496247 0.227721 1.644203
0.617836 0.106694 1.686466
0.474280 0.015124 1.485338
0.617713 -0.075535 1.872376
0.224433 -0.086995 1.665209
0.401379 0.073095 2.029652
0.491407 -0.030336 1.856876
0.614255 0.149401 1.532105
0.542031 -0.134549 1.892001
0.552915 0.006427 1.674126
0.214415 0.009457 1.627720
0.440910 0.096648 2.000551
0.526877 -0.170311 1.569521
0.242761 0.129304 1.928963
0.245746 -0.181125 1.649430
0.324515 0.120855 1.538712
0.447442 0.157269 1.683810
0.410551 0.010478 1.847608
0.418418 -0.139015 1.823530
0.494857 0.101732 2.010025
0.620932 0.084816 1.590284
0.409408 -0.097496 1.994252
0.753878 -0.010450 1.656781
0.522639 -0.036008 1.775247
0.610850 0.162618 1.672782
0.599675 0.040409 1.778671
0.369878 -0.060931 1.882229
0.545638 0.060998 1.764280
0.269055 -0.198564 1.594014
0.628258 0.194160 1.840995
0.711040 -0.098880 1.639887
0.692425 -0.163290 1.628794
0.584041 -0.244505 1.591251
0.602858 0.245605 1.831779
0.759006 0.101078 1.729171
0.382863 -0.260966 1.695846
0.177646 0.028681 1.635539
0.328342 0.109627 1.922178
0.271697 0.091357 1.682671
0.501902 0.093610 1.531477
0.460275 -0.033770 1.555903
0.399382 -0.271879 1.608998
0.425511 0.230739 1.527001
0.158420 0.043621 1.774484
0.288979 0.084911 1.600629
0.572184 -0.110344 1.862185
0.530093 0.085512 2.054785
0.670238 0.163954 1.604077
0.390225 -0.031486 1.911140
0.415766 -0.255027 1.959921
0.500618 0.089100 2.037245
0.582530 -0.178427 1.865493
0.426363 -0.273877 1.777818
0.488695 -0.049922 2.015597
0.352309 -0.033619 1.933543
0.508029 0.226265 1.726833
0.301622 -0.150952 1.932154
0.130200 0.024484 1.834424
0.585430 0.186992 1.617404
0.614375 -0.159848 1.837428
0.722150 0.092677 1.720732
0.566279 -0.158123 1.770580
0.467158 0.045366 2.086830
0.336326 -0.188475 1.688630
0.460132 -0.047667 1.930576
0.322692 0.036061 1.771476
0.462915 -0.055275 2.040942
0.376240 -0.051761 1.501786
0.361557 0.166819 1.791578
0.673331 0.014112 1.778422
0.658044 -0.050306 1.625269
0.530327 0.197109 1.757626
0.246801 0.188470 1.876019
0.227858 0.109985 1.770329
0.472250 -0.082951 2.016108
0.493075 -0.147306 2.004559
0.524212 -0.059093 1.698319
0.728176 0.016615 1.800266
0.323529 -0.140711 2.035904
0.226079 -0.051541 1.608236
0.255394 -0.178268 1.604892
0.234480 0.109978 1.881368
0.260985 -0.152006 1.588376
0.322730 -0.133238 1.910798
0.495826 0.188009 1.702863
0.586679 0.195395 1.687652
0.324399 0.129297 1.665998
0.419317 0.185235 1.642263
0.339782 -0.147688 1.554513
0.355109 -0.006749 1.989278
0.461360 -0.150033 1.567378
0.363051 0.284217 1.808431
0.322146 0.177338 1.946416
0.732423 -0.135347 1.816215
0.491136 -0.265900 1.620742
0.359203 0.266767 1.705232
0.218697 0.224220 1.832282
0.616827 0.229535 1.625498
0.301334 0.036974 1.842025
0.340874 0.003202 2.018780
0.563011 0.187613 1.981844
0.413761 0.204490 1.929872
0.463766 -0.126197 1.889351
0.508514 -0.112118 1.771724
0.523878 0.005485 1.697947
0.314615 0.288057 1.827150
0.768342 -0.030174 1.698996
0.563197 -0.071294 1.791956
0.311991 0.078280 1.529447
0.181951 0.119895 1.643653
0.488194 0.084029 1.479274
0.610104 0.057761 1.798357
0.773325 -0.040295 1.712178
0.565907 -0.108612 1.935994
0.487417 0.027349 1.877613
0.515203 0.243781 1.893118
0.447260 -0.068085 1.614862
0.304773 0.029906 1.639090
0.565279 -0.093601 1.703770
0.680388 -0.185989 1.820071
0.603831 -0.118051 1.995228
0.490745 -0.125353 1.692233
0.727436 -0.129675 1.797634
0.549329 0.103814 1.492355
0.374036 -0.162006 1.921771
0.634455 -0.093325 1.645247
0.444506 -0.123568 1.964275
0.281444 -0.140662 1.647367
0.589870 0.048989 1.666032
0.447639 -0.070874 1.879147
0.680066 -0.004457 2.006033
0.272356 0.005651 1.999473
0.343125 -0.087685 1.882752
0.379651 -0.230301 1.691248
0.421992 -0.225371 1.600052
0.168093 -0.074103 1.845813
0.519217 0.040951 2.072621
0.326366 -0.209639 1.846596
0.387079 -0.118987 1.797421
0.549065 -0.271871 1.717109
0.175932 0.040823 1.790602
0.744515 0.036475 1.819649
0.393511 0.062697 1.653958
0.595750 0.054370 1.716007
0.266279 -0.191790 1.870927
0.475251 -0.013393 1.780978
0.367114 0.254486 1.809297
0.531281 0.203328 1.540717
0.410773 0.105644 1.801288
0.694872 0.012534 1.631827
0.652488 -0.004359 1.622846
0.558412 -0.020639 1.763231
0.526078 -0.065720 1.741682
0.540462 -0.083634 1.898531
0.542369 -0.078887 1.767521
0.467076 0.149749 1.732586
0.605560 -0.078613 1.831586
0.368986 0.250375 1.643195
0.624255 -0.278503 1.814958
0.631641 -0.039666 1.845220
0.693494 0.077923 1.806059
0.428604 0.164582 1.890347
0.378230 0.063777 1.722140
0.370354 -0.170133 1.507136
0.429818 -0.212214 1.823346
0.334535 0.171914 1.851069
0.311438 0.153773 1.760374
0.563419 -0.046734 2.008719
0.408735 0.272845 1.912250
0.220466 0.076973 1.854398
0.466972 -0.273498 1.802695
0.140474 -0.018600 1.837622
0.515310 -0.034898 1.761619
0.228621 0.030099 1.613918
0.498121 -0.238932 1.906004
0.303203 0.192671 1.859589
0.566530 -0.273655 1.692561
0.444778 0.007087 1.947737
0.629740 -0.194246 1.940764
0.540651 0.251267 1.656766
0.526521 0.137065 1.515559
0.619126 -0.250996 1.883204
0.693308 -0.048968 1.916408
0.225406 0.045673 1.665344
0.216230 -0.076457 1.887534
0.301823 -0.134728 1.551310
0.516145 0.261688 1.701069
0.488945 0.132479 2.056788
0.436446 0.062935 1.473994
0.652610 -0.070417 1.606561
0.312866 0.003815 1.579201
0.223634 0.076195 1.993284
0.244464 -0.062607 1.849296
0.690278 0.047349 1.912395
0.273226 -0.220060 1.853550
0.519637 0.144723 1.515155
0.313067 0.108630 1.922115
0.135451 0.073708 1.724546
0.363408 0.188399 1.532713
0.265538 -0.236713 1.673075
0.454054 0.157062 1.912940
0.275846 -0.039019 1.630279
0.528157 0.190552 1.738087
0.185255 -0.134503 1.683958
0.428484 0.024515 1.624644
0.452420 -0.212637 1.824066
0.585648 0.134455 1.896946
0.571419 -0.073864 2.060305
0.289425 -0.170338 1.830724
0.478626 0.081182 1.976825
0.433453 0.256848 1.715491
0.656242 -0.095981 1.997822
0.503406 -0.073450 1.581902
0.420584 -0.046409 1.643529
0.455007 0.060109 1.825336
0.167693 0.123522 1.663581
0.594441 0.027025 1.891614
0.435836 0.258799 1.873668
0.344488 -0.082067 1.590262
0.559277 0.136377 1.921038
0.481324 0.058408 1.547474
0.610359 0.074058 1.486851
0.392731 -0.280586 1.676282
0.515219 -0.083285 1.888133
0.214010 0.055753 1.730050
0.556799 -0.263389 1.698610
0.302314 -0.075463 1.866563
0.584498 0.041963 1.869233
0.347429 0.192460 1.615726
0.570454 0.044053 1.992387
0.160995 0.013842 1.620247
0.387884 0.163431 2.038629
0.647131 -0.178372 1.936334
0.406885 0.101909 1.936872
0.185756 0.130238 1.664690
0.537259 -0.203483 1.575249
0.313799 -0.206312 1.906618
0.353551 -0.283873 1.904802
0.648333 0.110616 1.576876
0.279953 -0.193872 1.563910
0.409312 -0.222832 1.879881
0.432097 -0.163612 2.047060
0.428247 0.030212 1.779845
0.410437 -0.000123 2.030657
0.394947 -0.103008 1.920392
0.664476 -0.058703 1.895968
0.252005 0.118618 1.846945
0.328670 0.272456 1.620968
0.362756 -0.259128 1.764454
0.541860 -0.086963 1.649995
0.493910 -0.031729 1.943322
0.648985 0.019794 1.957956
0.610186 0.135009 1.658590
0.316964 0.017313 1.635174
0.570312 -0.219277 1.802564
0.477922 -0.147082 1.683989
0.698549 -0.104520 1.683819
0.604339 -0.183895 1.700523
0.450064 0.102665 1.968293
0.499902 0.005929 1.572770
0.334541 0.120925 1.809364
0.580454 0.090902 1.904661
0.462394 0.051797 2.029949
0.453386 0.305433 1.668443
0.478683 -0.273198 1.924889
0.761795 -0.059988 1.853064
0.280881 0.111369 1.509400
0.404767 -0.238851 1.896935
0.220325 -0.168242 1.697460
0.478458 0.233746 1.862702
0.497939 0.201192 1.745544
0.515526 -0.081859 1.878465
0.427861 -0.073681 1.669739
0.603696 -0.200955 1.682598
0.466812 -0.150423 1.676307
0.677836 -0.036282 1.550321
0.429412 0.027141 1.643884
0.604749 0.102094 1.799704
0.210534 0.153512 1.786548
0.435231 -0.101843 1.961036
0.517397 -0.006972 1.789223
0.505292 -0.118347 1.471722
0.537601 0.000857 1.921400
0.686556 -0.090569 1.841441
0.609353 0.055480 1.872873
0.289748 0.160573 1.824517
0.675585 -0.204790 1.826575
0.527284 -0.032059 2.045288
0.518042 -0.145287 1.780349
0.532036 0.313235 1.829752
0.373187 -0.278267 1.697556
0.537183 -0.282404 1.909137
0.632757 0.114912 1.552203
0.497764 0.022499 1.772259
0.361736 0.065675 2.023049
0.313766 0.141294 1.707494
0.459989 -0.248779 1.942255
0.530418 -0.243529 1.669450
0.172405 0.055995 1.747576
0.307434 0.024048 1.518522
0.369956 -0.006186 2.066189
0.495748 0.030555 1.696687
0.378148 0.144594 1.796566
0.562841 0.002271 2.056743
0.650015 -0.034519 1.504496
0.311387 -0.040644 1.625059
0.441878 -0.038985 1.902827
0.385481 0.067164 2.056049
0.545425 0.126007 2.025407
0.526282 0.005715 1.499146
0.553213 -0.153669 1.872803
0.504019 -0.310804 1.802904
0.514379 0.089731 1.861875
0.524722 0.211879 1.747687
0.647905 0.121308 1.527904
0.315718 0.015696 1.744495
0.696839 -0.135273 1.904937
0.467118 -0.022520 1.825646
0.489073 0.161663 1.906653
0.264174 -0.240607 1.824098
0.388151 -0.171854 2.036355
0.284849 0.029336 2.032421
0.304619 0.239929 1.682827
0.563544 -0.113702 1.825577
0.622513 0.191789 1.788545
0.670331 -0.099998 1.738531
0.548291 0.021634 1.966706
0.485143 -0.149610 1.704631
0.217665 -0.099974 1.879599
0.619025 -0.217270 1.937262
0.517700 0.133605 1.806928
0.754947 0.101454 1.834674
0.255077 0.051063 1.994751
0.716393 0.031302 1.679143
0.484995 -0.090682 1.496309
0.555786 -0.198755 1.643684
0.356825 0.039527 1.612567
0.486773 0.274022 1.808020
0.419146 0.210651 1.565065
0.193909 0.024990 1.558296
0.442818 0.026462 1.537844
0.452145 -0.031585 1.962223
0.447841 0.112485 1.981444
0.283084 0.287454 1.775972
0.593240 0.046578 1.848067
0.635076 0.036219 1.815175
0.451302 -0.206968 1.823352
0.388341 0.116344 2.031799
0.370717 -0.128149 1.717495
0.394845 -0.138425 1.776559
0.502699 0.153763 1.715715
0.245918 0.107126 1.983394
0.284130 -0.042364 1.681297
0.477565 0.118346 1.785399
0.389872 0.283099 1.741929
0.299539 0.091961 1.578132
0.591014 -0.205320 1.625308
0.475806 0.211489 1.619432
0.276836 -0.075601 1.624568
0.311401 0.078913 1.987947
0.312583 -0.137883 1.616114
0.760856 0.012330 1.712903
0.365598 -0.072472 1.460726
0.514532 0.216951 1.751707
0.440956 0.273750 1.724450
0.697662 -0.046823 1.758656
0.495875 -0.011233 1.960427
0.183385 0.077163 1.834961
0.326496 -0.154566 1.863923
0.216586 -0.068792 1.562622
0.534297 0.097035 1.606289
0.582489 0.026956 1.678539
0.402172 0.135067 1.669899
0.509747 0.086725 1.904872
0.637023 0.187438 1.821950
0.599499 -0.018440 1.472031
0.577748 0.071545 1.831637
0.292640 -0.002831 1.859590
0.493326 0.231938 1.530427
0.475823 0.313751 1.783643
0.459531 0.130156 1.970538
0.521740 -0.050483 1.545160
0.695508 -0.093197 1.722992
0.457767 -0.076942 1.768186
0.303910 -0.132357 1.813872
0.494793 -0.112978 1.861833
0.597382 -0.007077 1.955871
0.586774 -0.105121 1.994676
0.683567 -0.180499 1.892724
0.635521 -0.003280 1.998406
0.257558 0.125195 1.571969
0.485291 0.262258 1.945174
0.667777 0.051301 1.969677
0.544214 0.299273 1.773713
0.452329 -0.185069 1.709080
0.364634 0.236628 1.561568
0.566412 0.220155 1.628691
0.453379 -0.120386 1.705971
0.559554 -0.141827 1.605674
0.752035 0.058149 1.665445
0.439333 0.205329 1.954164
0.390893 0.235889 1.590826
0.507615 -0.063855 2.071223
0.280308 -0.233869 1.770580
0.475501 0.113271 1.978674
0.629408 -0.193881 1.648837
0.720047 -0.174718 1.807897
0.249432 -0.012215 2.006989
0.259561 0.112408 1.657750
0.419788 0.018368 1.660629
0.391451 -0.017727 1.996760
0.587356 -0.014820 1.740613
0.479227 0.174947 1.673920
0.620735 -0.216836 1.797199
0.530261 0.303362 1.859675
0.230278 -0.011366 1.717498
0.467173 0.077103 1.887271
0.736132 -0.000490 1.800958
0.529754 -0.233675 1.868560
0.266833 0.109127 1.970636
0.690490 0.121738 1.903584
0.436521 0.057350 1.907879
0.629059 -0.026485 1.846417
0.262945 0.085077 1.653838
0.276966 -0.204873 1.921574
0.442523 -0.293345 1.829685
0.520709 -0.120430 1.592340
0.324053 -0.080556 1.478050
0.519778 0.003807 1.851637
0.397817 -0.046030 1.647255
0.567721 -0.072621 1.731163
0.529850 -0.133299 1.609947
0.398943 -0.063186 2.061681
0.388849 -0.310093 1.752838
0.261549 0.184038 1.950042
0.528898 0.134745 1.999827
0.442835 0.152464 1.567130
0.375506 0.081487 1.835310
0.404486 -0.203512 2.002326
0.293893 -0.045528 1.535048
0.200381 0.112215 1.879443
0.208101 -0.061942 1.805714
0.126217 -0.019816 1.776658
0.550973 0.006645 1.740253
0.468160 -0.101353 1.516408
0.632079 0.258631 1.825544
0.443649 0.046667 1.461649
0.533589 0.185162 1.581563
0.729547 -0.054262 1.760232
0.338146 -0.154683 1.617565
0.408257 0.030614 1.556962
0.662673 -0.114991 1.847047
0.335969 -0.148096 1.821701
0.550172 -0.039421 1.601288
0.212311 -0.225465 1.748054
0.255639 0.133219 1.750577
0.590868 -0.081110 1.943849
0.416387 0.092188 1.902213
0.172082 -0.081750 1.605507
0.317055 -0.046090 1.635601
0.692472 -0.138939 1.682095
0.553636 0.047574 1.896638
0.692200 0.032118 1.800114
0.304950 0.120193 1.896214
0.370200 -0.076282 1.811874
0.638371 -0.194835 1.706807
0.237543 0.117535 1.728078
0.394415 0.027616 1.583015
0.629464 0.020117 1.650704
0.400775 -0.043993 1.739785
0.264491 0.150240 1.634342
0.344278 -0.247476 1.647563
0.362702 -0.245484 1.609121
0.331895 0.047445 1.937944
0.300074 -0.170072 1.968189
0.437279 0.084473 1.799436
0.603738 -0.083968 1.885238
0.678755 0.215093 1.799019
0.648162 0.044174 1.569641
0.715699 -0.088358 1.663567
0.198901 -0.144205 1.880721
0.447335 -0.143719 1.512460
0.356597 -0.160143 1.796519
0.511931 0.087419 1.817665
0.462126 -0.079619 1.977820
0.601518 -0.198544 1.612564
0.157732 -0.072676 1.821452
0.404731 -0.140134 1.997162
0.534318 -0.142817 1.728678
0.518151 0.144669 1.635035
0.140540 -0.070554 1.778318
0.391052 0.225628 1.888151
0.604521 0.197875 1.882725
0.529801 0.254271 1.767757
0.281676 -0.232821 1.691276
0.235411 0.206881 1.658913
0.445947 -0.182139 1.902482
0.465858 0.311887 1.742760
0.277208 -0.192962 1.636386
0.674942 0.078206 1.842036
0.636896 -0.230274 1.629701
0.666247 0.045348 1.626910
0.242696 -0.039727 1.983046
0.574476 0.110823 1.715951
0.413942 0.099301 1.735688
0.389699 0.154317 1.883738
0.581991 0.181467 1.836020
0.483888 -0.262540 1.947561
0.600726 0.103874 2.022002
0.734108 0.070068 1.911456
0.417662 -0.056938 1.676580
0.334102 0.062856 1.536446
0.329505 -0.166086 1.785522
0.659823 -0.233049 1.767118
0.573211 -0.050850 1.583739
0.691822 0.202956 1.812203
0.274144 0.025578 1.581929
0.245811 -0.233579 1.684750
0.647327 0.204328 1.797316
0.263009 0.102802 1.981684
0.471783 -0.004711 1.520573
0.747970 0.006271 1.770055
0.335584 0.124705 1.617910
0.592143 -0.146643 1.944819
0.427323 0.068368 1.591493
0.528801 -0.179339 1.778223
0.247942 -0.090326 1.652448
0.484502 0.005259 1.793607
0.474883 -0.187373 1.947860
0.248432 0.020421 1.637470
0.147217 -0.070812 1.676890
0.498577 -0.064769 1.455456
0.344356 0.302792 1.718725
0.437236 -0.029126 1.978254
0.474177 0.235563 1.700299
0.726519 0.135750 1.760176
0.489848 0.148866 1.804198
0.133897 0.031409 1.834584
0.316954 -0.149849 1.559675
0.650031 -0.223143 1.711506
0.627846 0.067517 1.554345
0.135004 -0.063951 1.845203
0.409064 -0.319319 1.829512
0.220449 -0.189342 1.714781
0.533560 0.073682 1.776499
0.699559 -0.042414 1.599304
0.403806 0.239578 1.982582
0.565930 0.040494 1.738774
0.443180 -0.121585 1.756050
0.487722 0.025954 1.446586
0.359046 0.023397 1.839257
0.337997 -0.197761 1.524975
0.289465 -0.080112 1.760217
0.543483 0.240962 1.871138
0.625208 0.063632 1.736905
0.529679 0.175605 1.744945
0.662608 -0.050531 1.719007
0.336019 0.193972 1.621464
0.345277 -0.255127 1.649514
0.272671 -0.002435 2.013937
0.574088 -0.048134 1.713816
0.610677 0.038346 1.844629
0.368464 -0.154299 1.503862
0.553635 0.070054 1.805657
0.308433 0.257933 1.890313
0.624686 -0.013399 1.524917
0.540822 -0.099352 1.799855
0.342155 0.184000 2.011518
0.497747 0.071033 1.695204
0.377119 0.158224 1.668719
0.287306 -0.200585 1.948180
0.496766 0.079139 1.739357
0.441679 0.051551 1.694767
0.480564 0.326169 1.717773
0.617351 -0.201394 1.637415
0.276790 -0.177915 1.759472
0.628448 -0.116000 1.918678
0.701354 0.007438 1.578383
0.224895 0.195094 1.800671
0.456085 0.225318 1.899112
0.348665 0.020133 1.648859
0.569782 0.212418 1.571325
0.147266 0.085975 1.869532
0.603325 -0.207918 1.962591
0.617264 0.180803 1.949912
0.554917 0.207492 1.667799
0.491319 -0.327628 1.790126
0.193109 0.084904 1.733692
0.705034 -0.028988 1.575129
0.504832 0.178094 1.810697
0.382976 0.039001 1.710895
0.264761 0.017262 1.589190
0.227070 -0.002407 1.521537
0.568063 -0.163419 1.537165
0.626862 0.051431 1.726761
0.695754 0.040694 1.755520
0.235035 -0.117636 1.643274
0.439570 0.055420 1.598396
0.148725 0.016932 1.645628
0.530063 -0.197600 1.974707
0.327801 -0.032404 1.476015
0.478343 0.138811 1.868567
0.542575 0.147213 1.999199
0.421837 0.270515 1.822440
0.279746 0.044401 1.621177
0.378092 -0.042067 1.980731
0.411656 -0.211798 1.624812
0.338444 0.106255 1.947597
0.589289 0.185570 1.567747
0.627416 -0.030290 1.718974
0.646343 -0.173262 1.577409
0.333494 0.053396 1.586868
0.613709 -0.025839 1.969453
0.507038 0.219866 1.832427
0.343101 0.025693 1.473163
0.498402 0.068905 1.683369
0.475676 0.098978 1.692987
0.566260 -0.040829 1.503321
0.482324 -0.187370 1.648073
0.294756 -0.255321 1.624208
0.736436 -0.048183 1.805440
0.192290 -0.143889 1.703839
0.608400 -0.204085 1.617520
0.190897 -0.065398 1.737697
0.265226 0.111967 1.993305
0.461416 0.281059 1.684684
0.366710 -0.038747 1.517215
0.338519 0.176737 1.810646
0.491383 -0.278795 1.764680
0.273164 -0.057135 1.922571
0.475465 -0.191211 1.983405
0.421675 0.282880 1.762078
0.395905 -0.007047 1.475747
0.540721 -0.245011 1.770827
0.165431 0.101811 1.771418
0.336788 -0.241591 1.698728
0.231578 -0.154142 1.604438
0.393346 0.303227 1.687175
0.693591 0.003195 1.887745
0.430023 0.072715 1.973547
0.573962 0.008056 1.718008
0.673819 -0.011002 1.579758
0.397269 0.112872 1.567256
0.666037 0.086032 1.734360
0.284256 0.131937 1.671837
0.684565 -0.023699 1.964964
0.426447 0.019713 1.501406
0.488448 -0.280715 1.721732
0.727747 -0.141373 1.770598
0.460149 -0.194409 1.881697
0.440461 0.239027 1.687595
0.196044 -0.080221 1.865817
0.668525 0.102786 1.794443
0.451271 -0.318144 1.750227
0.668842 0.092205 1.803118
0.424940 -0.052974 1.835735
0.338128 -0.038270 1.708706
0.348107 -0.298907 1.761190
0.497284 0.030134 1.743319
0.707501 0.024328 1.688702
0.312310 -0.174681 1.727690
0.342370 -0.114847 2.030367
0.479381 0.046050 1.673177
0.467933 0.137681 1.812342
0.716529 -0.028773 1.953069
0.615357 0.058514 1.633032
0.470200 -0.034712 1.806604
0.253512 0.072324 1.814939
0.508549 -0.064158 1.823747
0.679487 -0.171429 1.697533
0.368558 -0.006834 1.700258
0.227105 0.087225 1.912210
0.258513 -0.018933 2.026225
0.376269 0.024669 1.622484
0.565399 0.290700 1.864135
0.340739 0.001237 1.793964
0.596886 0.039738 2.036987
0.252854 -0.062137 1.664031
0.420954 0.126345 1.563014
0.430170 0.119133 1.528640
0.683751 0.183394 1.823559
0.551772 -0.152528 1.616736
0.616271 0.186878 1.710552
0.347853 -0.251632 1.782443
0.405684 -0.039724 2.063288
0.160810 0.139034 1.738015
0.346377 -0.084651 1.736041
0.356263 0.128292 1.548625
0.582317 0.193507 1.586123
0.182491 -0.058597 1.782806
0.335149 0.128990 1.570225
0.414251 0.211942 1.918679
0.466520 0.227160 1.738994
0.230617 0.005926 1.947919
0.545766 0.111537 1.883141
0.301219 -0.163289 1.815696
0.531492 -0.014637 1.642496
0.246828 0.223377 1.857384
0.477890 0.014174 1.613450
0.594010 -0.111067 1.692538
0.564567 -0.021079 1.647601
0.414771 0.061003 2.039844
0.324043 -0.241180 1.653073
0.549206 0.188257 1.747689
0.538105 -0.170183 1.746345
0.697386 0.008026 1.759902
0.410815 0.049064 1.766077
0.279066 -0.262253 1.805027
0.245892 0.261412 1.744431
0.661495 -0.043516 1.547475
0.375722 -0.174488 1.725085
0.542639 -0.176902 2.013936
0.262096 -0.101364 1.553902
0.546819 -0.141829 1.752278
0.595568 -0.082146 1.989740
0.741474 -0.076231 1.649766
0.517726 -0.064910 1.452349
0.560308 0.061208 1.794095
0.531831 0.074456 1.722612
0.754111 0.075705 1.828279
0.312152 -0.008783 1.937395
0.372779 -0.232607 1.951083
0.521461 -0.032348 1.477396
0.499394 0.039662 1.613292
0.393733 0.038038 1.707954
0.550604 -0.257806 1.842281
0.555562 0.199269 1.860752
0.438925 -0.224228 1.760384
0.546611 -0.167447 1.533024
0.337373 -0.011529 1.989008
0.482226 0.194755 1.839486
0.564773 -0.112795 1.985410
0.457053 0.242084 1.654938
0.339861 -0.117242 1.484730
0.208189 0.021234 1.615692
0.393134 0.255538 1.687935
0.556865 0.010264 1.476797
0.505071 0.053570 1.910673
0.398016 0.125945 1.722891
0.469591 -0.262078 1.922496
0.615850 -0.129111 1.738589
0.206629 -0.199160 1.841565
0.276684 -0.231158 1.833542
0.475907 0.058093 1.595410
0.271424 -0.114579 1.935195
0.482542 0.143928 1.894371
0.427403 0.055113 1.532347
0.524824 0.168329 1.690016
0.185146 -0.033934 1.744160
0.483704 -0.285705 1.930445
0.488507 0.084512 1.466976
0.555750 0.137672 1.886725
0.153333 0.114906 1.768076
0.411408 -0.046119 1.847791
0.384058 0.186518 1.948288
0.479127 -0.269818 1.691149
0.556693 0.105994 1.927555
0.307051 -0.101219 1.511861
0.631674 0.132371 1.696491
0.669671 0.085754 1.743285
0.184952 -0.081891 1.922917
0.487648 0.059604 1.860938
0.334606 0.236052 1.639410
0.257125 0.192369 1.831666
0.527208 0.093723 1.824542
0.165603 -0.127303 1.854616
0.270959 -0.105900 1.869674
0.468748 -0.238934 1.588665
0.337423 -0.102806 1.717277
0.437056 -0.044884 1.734246
0.705445 0.072498 1.631041
0.230955 -0.205099 1.636880
0.297578 0.048747 1.857223
0.544080 0.248075 1.694171
0.296125 -0.059080 1.654725
0.384561 0.137463 1.761255
0.137594 0.035912 1.750149
0.341686 -0.143168 1.869496
0.460716 0.147116 1.768209
0.586428 -0.047641 1.891555
0.676947 -0.023533 1.586531
0.212762 -0.160966 1.932352
0.148968 -0.034269 1.770282
0.336260 0.100465 1.559307
0.416006 -0.052250 1.747685
0.659225 -0.118750 1.837787
0.386297 0.221393 1.581872
0.530492 0.034037 1.570852
0.352849 -0.043940 2.030059
0.500988 -0.263209 1.685635
0.165085 -0.028626 1.871102
0.493514 0.045665 1.702259
0.480688 -0.117087 1.903171
0.542203 0.148662 1.614271
0.361609 0.316623 1.793277
0.604887 -0.184133 1.938031
0.396887 -0.022298 2.049440
0.427281 -0.209342 1.552646
0.521143 0.099697 1.818145
0.604470 -0.161229 1.803729
0.218237 0.093607 1.849740
0.685475 0.123469 1.747161
0.293083 -0.012842 1.977195
0.698856 0.211737 1.709509
0.252106 0.063623 1.762030
0.548192 0.088375 1.854591
0.575460 0.002925 1.526891
0.309526 -0.017210 1.554540
0.420530 -0.070344 1.938045
0.335422 -0.091141 1.541868
0.475009 -0.127584 1.610563
0.226869 -0.065746 1.634774
0.614549 -0.020161 1.490044
0.297362 -0.042725 1.837948
0.459253 0.234095 1.859051
0.456320 -0.257587 1.940372
0.475707 0.269276 1.646350
0.631273 -0.123538 1.783837
0.422415 0.312727 1.692230
0.358419 0.235427 1.864980
0.504223 0.138815 1.490770
0.423213 -0.059699 1.785044
0.553682 0.042403 1.505040
0.228904 0.053783 1.626100
0.524801 -0.030058 1.945911
0.318836 0.064328 1.854737
0.567469 0.201636 1.889071
0.202639 0.018187 1.838276
0.543107 0.039179 1.717417
0.587459 -0.194270 1.576913
0.307097 0.095586 1.811966
0.583113 0.127077 1.654932
0.315358 -0.004613 1.790809
0.474398 0.067243 1.857779
0.586041 -0.086104 1.771859
0.533243 0.182246 1.941468
0.618070 0.073609 1.501996
0.414653 -0.299623 1.783896
0.716415 0.169611 1.672274
0.345162 0.017276 1.666780
0.269375 -0.045906 1.928045
0.137904 -0.084982 1.812800
0.534847 0.152902 1.708561
0.464775 -0.125590 1.925125
0.463947 -0.013652 2.023673
0.430815 0.241666 1.795230
0.488638 -0.297239 1.871499
0.156665 0.094069 1.880226
0.284199 -0.255247 1.788969
0.495561 -0.302551 1.641411
0.489833 0.064306 1.577795
0.410087 0.259070 1.827778
0.618506 -0.128613 1.578213
0.448222 -0.007289 1.862928
0.186427 0.058292 1.914890
0.611321 0.158720 1.984022
0.599420 -0.155368 1.763012
0.381104 0.278359 1.698163
0.521861 0.239880 1.704246
0.287063 -0.004969 1.788702
0.631809 0.257023 1.852434
0.486618 0.196843 1.723792
0.401576 -0.192013 2.002227
0.575454 0.072272 1.867673
0.373915 -0.033651 1.889938
0.545952 0.199911 1.910457
0.417936 0.225795 1.664714
0.407272 -0.170251 1.980730
0.286659 -0.102983 1.512648
0.571835 0.094535 1.729791
0.429971 0.102728 1.737394
0.301019 -0.061033 2.012564
0.717168 -0.073221 1.755434
0.485152 0.029294 2.067459
0.260430 -0.082703 1.992823
0.634732 -0.194618 1.646338
0.189722 -0.156745 1.892281
0.648694 -0.105369 1.597789
0.245824 0.191821 1.862762
0.436490 0.113676 1.811204
0.542125 -0.029291 1.781341
0.474373 0.238003 1.608480
0.512443 -0.019245 1.553291
0.633554 0.119158 1.914865
0.359522 -0.031219 1.772802
0.438797 -0.110962 1.764199
0.590979 0.104236 1.612494
0.737670 -0.066178 1.888961
0.455044 0.059639 2.004653
0.395363 0.021388 1.839118
0.527920 0.077223 1.913361
0.347853 0.203942 1.661025
0.466048 0.013272 1.666544
0.272762 -0.023067 1.798042
0.304009 -0.074357 1.478624
0.656785 -0.145022 1.843585
0.614578 0.237689 1.678499
0.536955 -0.027827 1.768226
0.305399 -0.214717 1.745612
0.420891 -0.156470 1.589013
0.470963 -0.075758 1.811916
0.397590 -0.049059 2.074913
0.206457 -0.129483 1.699487
0.330936 0.104660 1.551406
0.319841 -0.148657 1.660194
0.607427 0.271531 1.663817
0.450083 0.024294 1.942082
0.744199 -0.033201 1.905941
0.295815 0.241153 1.825004
0.284560 0.072226 1.671539
0.594457 0.247189 1.933670
0.572592 -0.006749 1.737706
0.166881 0.016473 1.649543
0.395728 -0.198782 1.783307
0.591219 -0.110209 1.542970
0.521784 0.146882 2.021339
0.661608 -0.155063 1.698248
0.380983 0.154797 1.793489
0.553118 -0.062518 1.918225
0.415881 -0.275072 1.664752
0.584250 0.113618 1.873552
0.715703 0.051076 1.812732
0.281076 -0.210308 1.631649
0.744112 0.113763 1.839861
0.549702 0.055394 1.842987
0.504098 0.110778 1.552989
0.568910 0.021388 1.844053
0.699291 -0.138388 1.719809
0.378975 0.195132 1.944082
0.508465 -0.225718 1.911344
0.465983 0.200720 1.835022
0.556633 0.019210 2.003601
0.319898 -0.042258 1.605816
0.336134 -0.141017 2.012143
0.260198 0.220138 1.913782
0.417179 -0.044239 1.935266
0.673634 0.007636 1.749179
0.284466 -0.062603 2.024340
0.491250 -0.009977 1.539087
0.451060 -0.176715 1.743304
0.594767 0.253237 1.736194
0.601693 -0.279112 1.763854
0.392774 0.055214 1.705642
0.565443 0.143672 1.615979
0.642281 0.067870 1.669993
0.539159 0.097195 1.972494
0.728917 -0.049366 1.670980
0.611052 0.048120 1.981674
0.562955 -0.156090 1.925940
0.220701 0.004661 1.785979
0.696483 -0.074088 1.711118
0.631812 0.101770 1.755842
0.231131 0.217752 1.882717
0.226549 0.122583 1.633864
0.412338 -0.032224 1.667039
0.599311 0.213023 1.798302
0.464693 0.089693 1.628516
0.241171 0.033064 1.740341
0.417799 -0.009134 1.998606
0.452023 0.094403 1.904942
0.457641 -0.192871 1.792066
0.569484 0.093882 2.036297
0.415935 0.190259 1.893522
0.298295 -0.086551 1.755365
0.369297 0.052095 1.719867
0.637358 0.223125 1.896438
0.205195 0.136718 1.834182
0.693012 -0.047077 1.604916
0.173027 -0.056520 1.692807
0.423243 -0.219388 1.935628
0.341891 -0.259124 1.681877
0.242481 -0.183313 1.857856
0.656541 0.087785 1.720195
0.680432 0.004211 1.882473
0.542646 0.106454 1.472963
0.242854 -0.063154 1.764026
0.475633 -0.023322 1.479459
0.276603 -0.204712 1.792963
0.169331 -0.027079 1.894504
0.404375 0.062979 1.637439
0.672594 -0.136500 1.931755
0.226250 -0.006983 1.721906
0.476724 -0.229007 1.736574
0.619645 -0.032105 1.627391
0.615402 0.277258 1.768538
0.648485 -0.168189 1.860449
0.496996 -0.115217 1.525109
0.656283 0.110234 1.809407
0.178161 0.088833 1.923237
0.448813 0.012699 1.835800
0.637826 -0.087386 1.797040
0.249311 0.038285 1.922876
0.243518 -0.047221 1.871040
0.675075 0.130439 1.855088
0.254105 -0.223053 1.661137
0.635365 -0.210623 1.908494
0.258669 -0.168111 1.938299
0.672863 0.083380 1.723979
0.192888 -0.124885 1.736588
0.478548 -0.260864 1.586933
0.702037 -0.109549 1.936999
0.590085 0.198873 1.721368
0.251319 -0.182092 1.650654
0.289056 -0.163612 1.738070
0.706433 0.062724 1.693828
0.294896 0.201431 1.664333
0.531997 -0.248789 1.602326
0.184818 0.178729 1.845502
0.717240 -0.190510 1.766889
0.385642 0.170873 1.896776
0.339537 0.177248 2.020899
0.185710 0.144538 1.772804
0.583226 -0.105452 1.584448
0.720386 0.174507 1.697888
0.719131 -0.106911 1.686893
0.500373 0.308863 1.835585
0.374728 0.193192 1.791591
0.669987 -0.010547 1.554906
0.418395 -0.153076 1.601378
0.317486 -0.185894 1.538759
0.330351 0.185578 1.829827
0.464037 0.149974 1.722224
0.436339 0.307223 1.784491
0.465980 -0.028842 1.964875
0.638281 -0.091115 1.806792
0.517290 0.076556 2.070311
0.629532 -0.214091 1.916331
0.770669 0.024559 1.699520
0.710115 0.147506 1.666044
0.473768 -0.077528 1.709489
0.639775 -0.047898 1.636325
0.273279 -0.083781 1.654210
0.560077 -0.052138 1.458103
0.611868 -0.064283 1.585922
0.500804 -0.095176 1.901181
0.343632 -0.198473 1.789313
0.427741 0.092691 1.903546
0.329141 -0.122735 1.504887
0.467138 0.127125 1.974909
0.424683 0.224499 1.558530
0.401187 0.230296 1.930894
0.497318 -0.041219 2.000158
0.648632 0.115756 1.978257
0.445211 0.259706 1.640925
0.331958 -0.211519 1.820594
0.649537 0.047978 1.558342
0.290454 0.114858 1.855131
0.610470 0.120291 2.001695
0.402247 -0.094758 1.683943
0.567371 -0.120389 1.614587
0.321800 0.253584 1.800211
0.465702 0.209342 1.849007
0.699736 0.201496 1.786124
0.480325 -0.061875 1.782752
0.560867 0.134011 1.737306
0.381619 -0.147809 1.840084
0.452218 -0.202390 1.919345
0.352565 0.068789 1.462120
0.399918 -0.053926 1.542759
0.380401 0.045180 1.910812
0.518500 0.210397 1.629198
0.549348 -0.179128 1.856284
0.494873 0.128341 1.598152
0.357436 -0.292205 1.865800
0.292249 -0.184628 1.713095
0.638613 0.213597 1.921821
0.402156 -0.111608 1.937729
0.275094 0.010933 1.877888
0.449761 -0.061851 1.859380
0.213115 0.079796 1.559848
0.425382 -0.037524 2.088516
0.443980 -0.013095 2.075672
0.545394 0.058034 1.535294
0.233368 -0.126410 1.730083
0.642416 0.006267 1.710455
0.537331 0.303555 1.816277
0.183641 0.085405 1.770012
0.410448 -0.220812 1.758233
0.342568 -0.027640 2.060294
0.611237 -0.230140 1.607966
0.496446 0.223738 1.669271
0.270951 -0.090164 1.797986
0.275467 0.073505 1.579898
0.441100 -0.113318 2.065444
0.213889 -0.031943 1.872254
0.530573 0.040340 1.538958
0.341889 -0.008454 1.941227
0.573264 -0.212027 1.958585
0.673663 -0.072154 1.890960
0.635465 0.120499 1.740291
0.294382 0.184268 1.759534
0.168814 -0.004554 1.766711
0.598036 0.195197 1.616619
0.731044 -0.164036 1.712422
0.416855 0.027313 2.085932
0.518282 0.130519 1.650512
0.682353 0.074307 1.739761
0.510002 0.020528 2.029160
0.445097 0.007157 1.678917
0.429887 -0.170489 1.701777
0.372670 0.135052 1.778138
0.615959 0.151213 1.872474
0.389721 -0.152778 1.685482
0.381621 -0.080589 2.066224
0.508549 -0.065310 1.589211
0.532885 0.157142 1.757767
0.680885 0.148181 1.710754
0.322955 -0.033724 1.558600
0.619476 -0.190353 1.747363
0.461570 -0.033014 1.964589
0.267818 0.241602 1.898542
0.664963 0.004016 1.622477
0.548538 0.111015 1.756311
0.330591 0.059216 1.708418
0.532250 -0.275946 1.872351
0.413193 -0.036847 1.921733
0.525323 0.191088 1.876592
0.687795 -0.221974 1.792358
0.450215 -0.204559 1.643156
0.555787 0.003295 1.984018
0.262638 -0.163710 1.953559
0.533999 -0.139269 1.689109
0.259758 -0.133994 1.734899
0.251781 -0.099304 1.995494
0.478263 -0.017395 2.036214
0.419619 -0.165405 1.623975
0.665106 -0.010427 1.742567
0.606345 0.142646 1.512619
0.484883 0.035267 1.680027
0.540384 -0.227294 1.951563
0.212817 0.144838 1.596889
0.424637 0.267213 1.901763
0.488020 -0.129930 1.998468
0.462072 -0.062210 1.567143
0.446349 -0.007555 1.632402
0.662593 -0.028482 1.959654
0.411853 0.048347 1.990184
0.310297 -0.222379 1.717742
0.248794 0.010448 1.725117
0.301235 -0.050434 1.989233
0.311937 0.191768 1.861073
0.350218 0.028984 1.947979
0.551017 -0.034280 1.731856
0.540329 -0.232893 1.837199
0.494597 -0.030236 1.683882
0.286977 0.130881 1.516855
0.598251 -0.203724 1.974914
0.233261 0.199082 1.913450
0.699763 0.208386 1.723184
0.335976 0.132802 1.719483
0.641307 0.165085 1.591613
0.286912 -0.117157 1.974893
0.304961 0.170409 1.871585
0.365621 -0.309374 1.846592
0.602224 -0.110632 1.795441
0.422490 -0.309541 1.788320
0.319776 -0.268266 1.895053
0.370537 -0.006410 1.873542
0.370282 0.225722 1.639027
0.427858 0.191783 1.802994
0.430777 -0.294400 1.845417
0.253364 -0.169519 1.747968
0.488610 0.159040 1.908410
0.332701 0.165625 1.531024
0.625420 -0.142107 1.553097
0.373688 0.089966 1.889973
0.508453 0.193143 1.696269
0.380970 0.211385 1.536121
0.285349 0.050583 1.842409
0.234136 0.000266 1.848152
0.734426 -0.165072 1.723802
0.402167 -0.134274 2.002785
0.714479 0.114268 1.672666
0.431882 0.269383 1.751739
0.316216 0.037300 1.760243
0.771933 -0.010725 1.723714
0.452956 0.168684 1.934312
0.360680 -0.204427 1.697039
0.421922 -0.120391 1.721998
0.656716 -0.166654 1.825816
0.287526 -0.019410 2.043992
0.355236 -0.221282 1.839600
0.449253 0.136146 1.493725
0.637864 -0.223469 1.873348
0.570672 -0.101580 1.776616
0.328277 -0.001564 1.889288
0.708010 0.009473 1.693420
0.386406 -0.171633 1.688217
0.467251 -0.110880 1.994908
0.563170 0.030593 1.919856
0.184932 0.024446 1.685943
0.563154 0.232444 1.594040
0.603154 0.043896 1.513298
0.571400 -0.002511 1.674908
0.489815 0.182737 1.983423
0.527411 0.210646 1.771511
0.584339 0.263300 1.887632
0.351388 0.194273 1.929801
0.531701 0.167431 1.740214
0.270232 0.108303 2.021597
0.459199 -0.139839 1.480997
0.437286 -0.206049 1.713323
0.239750 0.128026 1.574996
0.381438 0.029288 1.833187
0.276578 -0.066099 1.769331
0.734260 0.030753 1.881202
0.333669 0.251397 1.794669
0.593666 -0.027041 1.481606
0.317632 0.171200 1.769028
0.205119 -0.059154 1.607897
0.534852 0.065032 1.708681
0.430332 -0.125492 1.752167
0.421828 -0.257391 1.585575
0.338445 -0.082587 1.634923
0.355624 0.048751 1.682329
0.446067 -0.266823 1.716571
0.746681 0.119337 1.819643
0.497535 -0.137904 1.708890
0.511831 -0.144879 1.744765
0.385759 -0.140448 1.893510
0.485314 0.168112 1.683581
0.525253 -0.239166 1.960262
0.167304 -0.089439 1.784291
0.227578 -0.172129 1.844362
0.414681 -0.247852 1.834327
0.209829 -0.173220 1.771269
0.456551 0.042065 1.687674
0.283078 0.177789 1.717661
0.392657 0.276193 1.723121
0.682953 0.173711 1.783202
0.587651 -0.174015 1.545034
0.204083 -0.187351 1.802347
0.521756 0.294018 1.703631
0.429244 -0.082050 1.808328
0.500278 -0.264539 1.652743
0.571294 0.193301 1.805340
0.522333 -0.076396 1.486035
0.182934 -0.078733 1.658161
0.530791 -0.041695 1.753547
0.761357 0.013910 1.841047
0.559574 0.263553 1.618124
0.515515 -0.173781 1.720561
0.480755 -0.185396 1.772987
0.173067 0.037129 1.880928
0.561615 0.182455 1.874331
0.258747 -0.132718 1.823980
0.336631 -0.076056 2.033548
0.352731 -0.243753 1.752518
0.582431 -0.237957 1.618162
0.495700 0.084804 1.851631
0.311371 -0.185038 1.618885
0.452054 -0.279718 1.883338
0.606155 -0.027646 1.917185
0.440816 0.157716 1.734425
0.421994 0.204831 1.915878
0.366101 -0.096114 1.672091
0.490566 0.175430 1.699226
0.175362 0.007205 1.686411
0.745174 -0.122246 1.704186
0.511881 -0.157996 1.616961
0.470614 -0.010534 1.487599
0.415898 0.045051 1.953292
0.575198 0.035979 1.490430
0.285681 0.081319 1.967326
0.322512 0.147137 1.795151
0.389801 -0.026756 2.050979
0.310273 0.176239 1.924785
0.449340 -0.269420 1.728034
0.361510 -0.032994 2.007314
0.408430 0.285581 1.692263
0.591290 -0.198256 1.692592
0.322387 0.139013 1.546883
0.247710 -0.012156 1.727368
0.369424 0.271042 1.676283
0.313038 -0.033438 1.655313
0.393404 -0.223954 1.734755
0.555677 0.099483 1.803087
0.576286 -0.143419 1.596418
0.255834 -0.192746 1.777688
0.325965 -0.134776 1.988213
0.393066 -0.136740 1.936838
0.342579 -0.255537 1.646713
0.688279 0.016839 1.974571
0.409926 -0.070661 1.642173
0.595902 0.283044 1.731207
0.331511 0.175574 1.845084
0.270465 0.073714 1.589626
0.384447 0.138307 1.617944
0.735370 0.030078 1.798091
0.381538 0.053779 2.038754
0.522812 0.301295 1.852591
0.606751 -0.145796 1.928359
0.554209 0.312235 1.779512
0.222146 0.029409 1.533118
0.395670 0.136188 1.623573
0.546644 -0.140669 1.685421
0.359913 0.156685 1.973472
0.532741 -0.179364 1.930519
0.647133 -0.076161 1.644395
0.559344 0.194469 1.547587
0.435102 0.215686 1.611889
0.285439 -0.138250 1.801966
0.660494 0.004851 1.676601
0.575966 0.059066 1.972212
0.222054 -0.179474 1.682364
0.720600 -0.049709 1.946150
0.302680 0.086288 1.613467
0.551382 0.099642 1.812426
0.625790 0.026605 1.803415
0.257911 -0.159018 1.873971
0.582092 -0.239794 1.891665
0.672995 -0.079157 1.773443
0.361403 -0.112056 1.991103
0.289055 -0.084849 1.916810
0.390682 0.200699 1.974950
0.701147 0.089029 1.882877
0.607358 -0.025251 1.687563
0.626705 0.064434 1.763255
0.317070 -0.124888 1.510573
0.330752 -0.053849 1.776437
0.313065 -0.166501 1.700268
0.552139 0.255543 1.626475
0.666968 0.209863 1.878727
0.300100 -0.008137 1.557262
0.277505 -0.042063 1.959972
0.365153 -0.239099 1.921978
0.344803 -0.126877 1.817233
0.567450 0.143295 1.930937
0.383281 0.049254 1.584226
0.473177 0.324722 1.747782
0.338471 0.103290 1.618760
0.465003 0.079533 1.946202
0.383490 -0.134611 1.572813
0.487161 0.003414 1.925917
0.442528 0.122842 1.804317
0.509684 -0.263483 1.761792
0.742944 0.028338 1.665350
0.568598 0.030825 1.917244
0.760499 0.048314 1.672771
0.161759 0.053509 1.705755
0.417881 0.054502 1.692765
0.559927 -0.174982 1.920392
0.331347 0.113869 1.749502
0.351516 0.134895 1.519099
0.181383 0.060841 1.764574
0.186565 0.146103 1.695778
0.769945 -0.039256 1.715926
0.675860 0.239715 1.812026
0.476410 -0.028654 1.899438
0.649186 0.060054 1.908044
0.393591 0.245546 1.759937
0.491243 0.205983 1.808531
0.457725 -0.173995 2.033734
0.299653 -0.146168 1.622609
0.628947 -0.205097 1.943640
0.506089 -0.125674 1.898423
0.509113 -0.262412 1.615769
0.133837 -0.060014 1.836713
0.380140 -0.207083 1.518831
0.417196 -0.137499 1.942017
0.383310 -0.048423 2.010851
0.262433 -0.025982 1.559272
0.620760 0.018083 1.676504
0.436223 -0.287275 1.701384
0.303433 -0.177645 1.663976
0.525465 -0.007729 1.973517
0.506693 -0.027063 2.057899
0.241262 0.034399 1.888130
0.683350 -0.079400 1.937655
0.386047 -0.229112 1.706964
0.415477 -0.024724 1.784005
0.563758 -0.018795 1.487085
0.209668 -0.155182 1.751346
0.335420 0.102440 1.872896
0.691927 0.209725 1.854720
0.427211 0.031617 1.899153
0.435316 0.166641 1.816727
0.539109 0.007754 1.805981
0.399256 -0.293473 1.713028
0.279839 0.160696 1.959720
0.400895 0.249730 1.668141
0.608056 0.195632 1.858037
0.205584 0.211113 1.725885
0.275909 0.119905 2.010980
0.643419 0.101161 1.768968
0.600109 -0.202455 1.805172
0.617340 -0.013123 2.029742
0.483749 -0.036368 2.000169
0.318963 -0.015219 2.009361
0.147452 0.122728 1.706628
0.537932 -0.077882 1.959537
0.212946 -0.202712 1.715555
0.570124 -0.032843 1.972359
0.406601 0.098247 2.076967
0.554137 0.188152 1.992999
0.199878 -0.194364 1.678074
0.610577 0.087486 1.573195
0.442001 0.189338 1.588637
0.163134 -0.113380 1.752708
0.647640 -0.082511 1.820695
0.639800 0.152503 1.710578
0.586908 -0.186837 1.884353
0.355824 -0.139694 2.017305
0.646077 0.151627 1.631875
0.633671 0.045625 1.521516
0.281823 -0.202751 1.848797
0.454601 -0.161995 1.689520
0.185836 -0.058878 1.796321
0.206829 0.015731 1.986513
0.567612 -0.210665 1.600199
0.370293 0.194035 2.012734
0.215619 -0.096009 1.780754
0.308392 0.002302 1.904760
0.633791 -0.260139 1.728524
0.607129 0.243753 1.719031
0.573486 -0.049251 1.489734
0.543047 -0.173424 1.718674
0.492031 0.005449 1.761478
0.253272 -0.039809 1.871967
0.558662 -0.046748 1.604947
0.299691 -0.175921 1.997221
0.298541 0.216298 1.816849
0.363746 -0.027009 1.922674
0.341137 0.216455 1.777830
0.560924 -0.168056 1.854138
0.458197 -0.091893 1.597694
0.352029 -0.145241 1.878438
0.290762 -0.047045 1.943244
0.616456 -0.219967 1.850496
0.342913 0.154944 1.881416
0.472480 -0.168367 1.512077
0.323059 -0.109902 1.984206
0.564524 -0.170986 1.949719
0.298298 0.205371 1.740858
0.693598 -0.170007 1.710666
0.582970 0.076680 1.908616
0.583672 0.055983 1.483870
0.444355 -0.161885 2.014934
0.163556 -0.132649 1.726689
0.152570 -0.065508 1.651328
0.202257 -0.131295 1.863902
0.352832 0.089789 1.476632
0.462620 0.223824 1.801001
0.646172 0.157539 1.803301
0.394993 0.082104 1.518277
0.717429 0.042688 1.798490
0.282079 0.275858 1.821717
0.594308 0.160058 1.695465
0.341427 -0.169677 1.970684
0.314091 -0.154995 1.699754
0.704259 0.116084 1.898001
0.195690 -0.111342 1.911944
0.230649 0.154062 1.690009
0.227424 0.028022 1.613299
0.410645 -0.154446 1.633641
0.469002 0.147148 1.795722
0.496074 -0.201830 1.732940
0.557420 -0.158358 1.908231
0.621837 -0.152511 1.712851
0.560920 -0.104938 1.487730
0.255833 -0.134057 1.620785
0.597573 0.142809 1.958607
0.581699 -0.196139 1.991318
0.179462 -0.090531 1.789809
0.516316 -0.194429 1.896363
0.485374 0.214004 1.654679
0.559566 -0.196571 1.784251
0.618252 -0.061021 1.810401
0.615423 -0.138804 1.707967
0.572505 -0.288390 1.777052
0.679941 0.160444 1.692887
0.499530 -0.146292 1.835262
0.466017 -0.001891 1.830444
0.735926 -0.050914 1.720111
0.598348 0.038785 1.534006
0.533884 -0.225229 1.770610
0.211485 -0.204666 1.721183
0.533299 0.108932 1.978781
0.616088 0.139822 1.685228
0.543032 -0.174019 1.676994
0.436583 -0.000225 1.734869
0.447806 0.027843 1.736901
0.316360 -0.232089 1.795358
0.263572 -0.137789 1.779875
0.619381 0.100866 1.709762
0.243976 -0.178723 1.750713
0.500133 0.271329 1.590252
0.648732 0.243772 1.682862
0.341006 -0.069251 1.962837
0.314782 -0.091284 1.484206
0.667107 0.004668 1.516491
0.603786 0.136885 1.993580
0.157022 0.088633 1.648574
0.642782 -0.051891 1.949791
0.654589 0.012474 1.774565
0.235467 -0.022100 2.017218
0.288909 0.010364 1.594438
0.282650 0.199971 1.632723
0.208114 0.131205 1.911860
0.361495 0.026060 2.056417
0.197108 0.045454 1.589162
0.569381 -0.178247 1.928160
0.596125 -0.270455 1.661220
0.175114 -0.035314 1.588006
0.508059 0.019561 1.962291
0.623130 0.000223 1.729609
0.216751 0.046019 1.671895
0.482889 0.289401 1.798414
0.563799 0.018143 1.883615
0.662254 0.080910 1.857685
0.456762 0.251790 1.958679
0.466128 0.236594 1.746923
0.423951 -0.267526 1.777165
0.453880 0.060440 1.786143
0.672065 0.110481 1.768281
0.332498 0.149627 2.014614
0.702325 -0.134675 1.649009
0.488619 -0.303171 1.680588
0.482647 0.120226 1.723742
0.324753 0.168241 1.670688
0.318889 0.181599 2.000375
0.443371 0.025374 1.831333
0.385429 0.232660 1.544236
0.777408 0.014211 1.731773
0.498218 0.246284 1.970391
0.589149 -0.001368 1.976396
0.338809 0.101531 1.525448
0.546826 -0.142011 1.539529
0.247522 -0.075524 1.550016
0.374633 0.070524 1.889406
0.482386 0.016708 1.450708
0.324941 0.099542 1.837024
0.303067 0.205470 1.731498
0.430857 -0.318528 1.708104
0.464801 -0.022072 2.088095
0.509003 -0.176872 1.824481
0.471474 -0.304990 1.733984
0.238253 -0.147190 1.831653
0.360404 0.088962 1.698664
0.630466 0.149482 1.904285
0.301243 0.022977 1.498445
0.255129 -0.191596 1.766694
0.498299 0.047785 1.910295
0.518211 -0.065662 1.500286
0.655638 0.075378 1.842680
0.470257 0.228523 1.973374
0.564081 0.122920 1.979286
0.378414 -0.081942 1.712545
0.297111 0.022348 1.674293
0.706525 -0.040923 1.610897
0.333557 0.226282 1.826301
0.610460 0.024782 1.932980
0.454516 -0.083264 1.590096
0.711340 0.025617 1.748183
0.356610 0.081190 1.619859
0.712724 0.127606 1.853381
0.366042 -0.246710 1.683358
0.636485 -0.006404 1.734418
0.287240 0.061546 1.539584
0.374733 -0.089546 1.851149
0.531680 0.144262 1.605760
0.452245 0.129906 1.697134
0.459729 0.173051 1.896861
0.274935 -0.172846 1.603578
0.394360 -0.012255 1.617487
0.306972 0.175997 1.624836
0.426571 -0.110403 1.594322
0.384038 -0.162363 1.537646
0.641556 0.214403 1.696183
0.428423 -0.182738 1.901311
0.504922 0.252631 1.819497
0.223433 0.022432 1.613288
0.474656 0.204282 1.975978
0.515758 -0.015130 1.716743
0.636911 -0.062312 1.895619
0.445180 -0.276009 1.622451
0.691633 0.034912 1.786979
0.588648 0.003390 2.002755
0.360610 -0.122350 1.957095
0.233160 -0.038178 1.789733
0.600940 0.113103 1.660549
0.152864 -0.071280 1.744360
0.520957 0.137676 1.549912
0.577259 0.034823 2.012931
0.157059 -0.104906 1.667821
0.253941 0.051841 1.589767
0.239153 0.090751 1.747137
0.544477 -0.101543 1.709606
0.297893 -0.093413 2.035805
0.384198 0.095099 1.623317
0.532623 0.090342 1.955598
0.277657 -0.106324 1.782614
0.291855 0.048548 1.846548
0.459355 0.235963 1.602735
0.586556 0.174935 1.660442
0.515419 0.239196 1.754681
0.314760 0.232281 1.819155
0.374323 0.304765 1.717913
0.413195 0.092546 2.066421
0.187257 0.073981 1.717429
0.602935 0.093716 1.823926
0.187950 -0.123285 1.782433
0.408059 -0.078617 1.780914
0.362057 -0.206996 1.592704
0.215295 0.164603 1.832038
0.415577 0.152417 1.501769
0.382992 0.044864 1.456677
0.499717 0.309198 1.741245
0.373235 -0.154113 1.629404
0.227406 -0.090507 1.582530
0.335189 0.033041 1.664900
0.330740 0.157036 1.654969
0.612569 0.075125 1.959102
0.511510 -0.046453 1.820890
0.433978 -0.242351 1.586454
0.382480 0.280371 1.883008
