0.53942573 -0.0155852735 1.6430442 7.826835e-05 -1.5707725 1.356815
0.62646055 -0.26408443 1.7224784 0.00092609227 -1.5705762 0.57483387
0.20318145 -0.14595044 1.6717613 7.8231096e-05 -1.5710062 2.408554
0.59541905 0.10544789 1.6902854 -0.000111848116 -1.5707772 2.584196
0.39508793 0.110171646 2.0332701 1.4580786e-05 -1.5713336 1.0377654
0.48653698 0.16036549 1.992605 -0.00024951994 -1.5708072 1.5369525
0.27021864 -0.13831863 1.5505974 3.234297e-05 -1.5700265 1.9268452
0.5651206 -0.07345447 1.9841897 -0.00018513203 -1.5701227 1.389926
0.57225853 -0.12855583 1.4888122 0.00040189177 -1.5718257 1.89424
0.428073 -0.084150955 1.8195064 0.00015094131 -1.5703623 1.740422
0.34900293 -0.084030956 1.857157 -0.00012344122 -1.569088 2.452547
0.33035183 -0.085079715 1.7133341 -1.6525388e-05 -1.5706018 1.0477997
0.33547032 -0.14716223 1.8475168 9.223819e-05 -1.5702802 1.1597689
0.4502341 -0.05295497 2.0732446 -0.0001789555 -1.5686917 1.8575686
0.26104182 -0.22503147 1.855047 0.000108115375 -1.5713406 0.8186081
0.5462904 -0.105819255 1.9486206 1.5214086e-05 -1.5697252 2.5253754
0.33877742 0.072873056 1.6794784 -2.9549003e-05 -1.5691562 1.1900103
0.6254263 -0.20073205 1.5982857 -7.683039e-05 -1.5698493 1.2569778
0.70061207 0.00056770444 1.8760226 -0.0004419461 -1.5693371 1.3117257
0.5043239 0.29696178 1.6878378 7.722527e-05 -1.5708702 2.0402322
0.43213266 -0.25652096 1.7313981 -4.10676e-05 -1.5690384 1.6416723
0.4909861 -0.14409903 1.73149 -0.00013878196 -1.5711335 0.7999227
0.1925362 0.07473451 1.6186008 6.206334e-05 -1.5702457 1.5863546
0.46425995 0.085663974 2.0298889 0.00022412091 -1.5714886 0.9656452
0.5397786 -0.23344082 1.6726601 0.00015193969 -1.5700588 0.9220704
0.3030842 0.039857537 1.7768595 -0.00047950447 -1.570442 0.53179324
0.5102283 0.24622396 1.6855094 -9.4518065e-05 -1.5696448 1.8237468
0.24551871 -0.07599832 1.9981954 -4.836917e-05 -1.5703593 2.573849
0.5105692 0.14224961 1.7263546 4.0203333e-05 -1.5699762 2.3240108
0.6539234 -0.15144256 1.71819 -0.000108644366 -1.5706611 1.2536637
0.41883796 -0.26084915 1.7311095 -0.00021436065 -1.5698988 1.4645911
0.48050457 -0.08127262 1.6169255 0.0002481416 -1.5706912 1.707353
0.6309217 0.018858075 1.4977441 0.00017017126 -1.5708413 1.1040896
0.4728344 -0.037205294 1.5586562 -8.016825e-05 -1.5701201 1.9478098
0.27384952 0.1059646 1.5641491 -5.6125224e-05 -1.5698683 1.3554845
0.46853024 0.17847332 1.7198029 -0.000110179186 -1.569428 0.95705175
0.6028274 -0.032231122 1.5689418 -9.980798e-05 -1.5697203 0.81192297
0.65394276 0.04625675 1.7633829 -0.00015578419 -1.5709102 2.4423337
0.5468855 0.20406136 1.8283927 -3.8295984e-05 -1.5701694 2.2751184
0.6689229 -0.07064505 1.9276924 -8.5413456e-05 -1.5693862 0.89428174
0.27324316 0.024288625 1.6106358 -0.00011214614 -1.5703094 0.8753762
0.5778489 0.042068303 1.5536238 -1.4297664e-05 -1.570512 0.7969402
0.2708676 0.245673 1.6552843 -7.137656e-05 -1.570422 2.0395002
0.3058085 0.027228653 2.0387 0.0009166971 -1.5698789 0.928105
0.5957901 0.27857226 1.762711 9.664893e-05 -1.5714943 1.1182966
0.67980003 -0.053505197 1.9717281 -7.402897e-05 -1.5712435 1.719153
0.47469825 -0.30168462 1.8710093 -3.9294362e-05 -1.5698718 2.615222
0.7244065 0.1302509 1.6483233 -0.00016004592 -1.5704162 2.568585
0.52946067 -0.038407385 1.8660429 -4.6782196e-05 -1.569531 1.3625798
0.39594293 -0.2740591 1.9317055 -0.00018168241 -1.5696969 1.0459538
0.4754868 -0.18866576 1.8019383 -1.5579164e-05 -1.5695829 1.5141866
0.32481104 0.023445189 1.7063596 0.00030905008 -1.5700321 1.275219
0.5135021 0.25478473 1.8871741 0.00014431775 -1.5708617 1.5880235
0.5060249 0.13686258 1.5323334 0.0008381754 -1.5733533 2.6026328
0.5823172 -0.009522006 2.02047 -0.00026522577 -1.5705733 1.5830574
0.6562633 -0.23038858 1.7697973 -0.00067905337 -1.5694193 1.612225
0.4807128 -0.29841572 1.6603009 0.000298284 -1.5720696 0.6952543
0.65384555 0.17609632 1.8184171 -6.7308545e-05 -1.5703759 1.900243
0.43706238 -0.021917343 1.9759212 1.8671155e-05 -1.5709559 1.9663988
0.2848933 0.1821512 1.94086 0.00027905405 -1.5699041 2.2760696
0.6397552 0.117566824 1.5901453 3.3080578e-06 -1.5707936 2.2063527
0.6222388 -0.17773405 1.7709819 -0.00059752166 -1.5706939 1.3450978
0.45694566 0.15724424 1.8428371 -1.5124679e-06 -1.5697507 2.1612492
0.38948435 -0.19168818 1.912287 6.201118e-05 -1.5704182 1.1487626
0.39417896 -0.00819546 1.8000573 0.00017313659 -1.5708872 2.514454
0.26394346 0.16704807 1.6847754 -5.5626035e-05 -1.5701061 1.8294526
0.22512949 0.16841412 1.763973 -8.478016e-05 -1.5706345 1.4404941
0.73811793 0.00069503486 1.6515709 -7.376075e-05 -1.5694598 0.8556897
0.5374222 -0.07466224 1.7309034 -0.00013296306 -1.5700411 2.2355418
0.34501165 0.044256926 1.5030447 -4.081428e-05 -1.5702615 2.0271916
0.33470982 -0.10203081 1.6455417 0.00014185905 -1.571099 1.5691779
0.40536207 0.07197672 2.0537567 -0.00022135675 -1.5703784 1.4286854
0.47988218 0.24139911 1.9611924 1.7866492e-05 -1.5698148 1.9210633
0.35638067 0.16827068 1.9797146 -0.00040850043 -1.5707421 1.0711263
0.6151985 -0.1654593 1.7187953 -1.5705824e-05 -1.5706854 2.5587316
0.5467243 -0.028538361 1.4709113 0.0005566627 -1.573163 2.586782
0.30189198 -0.22778596 1.6012797 0.00014855713 -1.5715742 0.8060956
0.3586219 0.0061308295 1.5113124 -0.0007912144 -1.569227 0.55274105
0.66592383 -0.03848511 1.8743718 -0.0005430728 -1.568916 1.2961264
0.6873175 0.017252296 1.8756282 0.0001693219 -1.5709699 2.1532238
0.38302404 -0.157933 1.634259 0.00057289004 -1.5707177 1.7559737
0.54040277 0.25554076 1.6966224 -0.0001257062 -1.5689205 2.5657487
0.38594934 -0.16068885 1.908922 -5.7071447e-05 -1.5695921 1.9602057
0.7191547 -0.016327158 1.8143294 -8.5935e-05 -1.5686435 0.8247634
0.50989443 -0.3013839 1.7126136 0.00015431643 -1.5690429 0.8816446
0.45079273 -0.26018873 1.9273915 0.00036288053 -1.5719914 1.3674738
0.364186 0.09111735 1.7537503 -0.0002547279 -1.5692073 1.1595342
0.27004027 0.13167715 1.7164905 0.00040766597 -1.5699524 1.415601
0.32290182 0.16244376 1.9027996 0.00011791289 -1.5703843 2.1836267
0.6272703 0.102592856 1.652209 -7.531047e-05 -1.5705646 2.5152407
0.5592272 -0.17042491 1.5341315 -0.0018971786 -1.5664635 0.82992095
0.5127823 -0.26670322 1.669476 0.0005506277 -1.570271 1.8393637
0.66143894 0.22372985 1.7341386 0.0011488423 -1.572127 1.3128444
0.42384678 0.1462897 1.964211 -0.0001013577 -1.5701921 1.7655132
0.3839265 -0.22226238 1.8977671 -4.5597553e-06 -1.5704656 2.199552
0.6121757 -0.18512651 1.7560444 0.0003041923 -1.5709414 1.1413097
0.39124048 0.12495196 2.0203812 -0.0002155304 -1.5706035 1.4467409
0.30387455 0.062417716 1.9863405 -0.00017786026 -1.5702188 1.4759265
0.6693274 -0.03879237 1.9869418 4.2825937e-05 -1.5709566 2.1214185
0.62186027 0.21352705 1.7393124 0.00067729503 -1.5715013 1.2927376
0.6256999 0.22695795 1.914078 -0.00024788082 -1.5693271 1.2670803
0.24977913 -0.22013925 1.8954294 0.0005088672 -1.5708214 1.4899582
0.6800884 -0.17194442 1.6824002 -0.00010357797 -1.568567 2.0137873
0.6794324 -0.17220157 1.6824021 -0.00010223687 -1.568574 2.014482
0.47963014 -0.19249131 1.546915 -0.00052609295 -1.5710407 1.6015947
0.6584774 0.22565272 1.6982775 -3.1612813e-05 -1.5696268 0.6399048
0.42898 0.1440663 1.6838646 -0.00011873245 -1.5691538 2.5042171
0.42380297 -0.12096597 1.497534 0.0008158758 -1.5704741 1.2433269
0.2825527 -0.122998916 1.9875972 0.00010214746 -1.5702267 2.5642915
0.29921257 0.23958734 1.6350158 -9.845197e-05 -1.5696113 1.8294829
0.18464744 -0.0060795546 1.7587965 -0.00024811178 -1.5684686 1.2893674
0.6588433 -0.13681328 1.589241 4.36306e-05 -1.5699744 2.2609873
0.601689 0.06159091 1.6081545 -0.00012221932 -1.5702047 0.81418484
0.38738424 0.01741448 1.8475177 -0.0002918169 -1.570075 0.9325495
0.36480874 -0.08455685 1.782222 0.00019869208 -1.5701295 1.6760247
0.64710426 -0.12263701 1.9031253 5.1647425e-05 -1.5705212 0.63494086
0.41484454 -0.048005283 1.877425 6.67125e-05 -1.5699849 2.1519659
0.21907979 -0.14784157 1.9290011 -9.827316e-05 -1.5713565 2.4379334
0.26206157 0.02090919 1.6662068 -4.569441e-05 -1.5697062 1.3514324
0.4509284 0.12986794 1.857182 -9.159744e-05 -1.5699669 1.9338496
0.72279924 0.11919621 1.619982 -5.5097044e-05 -1.5703707 2.1984825
0.4362144 0.20508152 1.7865949 -0.00026298314 -1.5691919 0.9927815
0.46651453 0.09078318 1.4597924 0.00029589236 -1.5705936 1.1781361
0.22569215 -0.017460376 1.8960063 -0.00016250461 -1.5705428 2.1842904
0.432996 0.25437397 1.9302568 3.1754375e-05 -1.5707706 1.5435153
0.6614095 -0.17719936 1.8704553 0.00010339916 -1.5699453 2.4185133
0.44676602 0.2995196 1.9053423 -3.3289194e-05 -1.5701431 1.3815136
0.45911026 -0.19979984 1.9807079 0.0004721731 -1.5714073 1.2975492
0.4845339 -0.05613607 2.0232475 -0.00037886947 -1.5689766 1.2112205
0.61356413 0.21955174 1.6812129 -3.232062e-05 -1.569649 2.4281716
0.24128795 -0.12533934 1.9764702 7.009506e-05 -1.5693209 1.2687671
0.6751425 -0.04143478 1.6161759 -0.0011096224 -1.568956 1.5835165
0.605769 0.06558186 1.9576879 0.00030218065 -1.5716554 1.2133183
0.62264454 0.009035781 1.8008418 0.00016951561 -1.5700777 1.2345084
0.5240779 0.26955938 1.8585296 0.00019353628 -1.5699742 0.6961782
0.26944247 -0.22077674 1.8041501 8.698553e-05 -1.5712249 0.7230865
0.36117947 -0.20930992 1.6448963 2.7671456e-05 -1.570032 2.2395945
0.3380745 -0.10771859 1.569612 0.00028185546 -1.569366 0.54310596
0.24658093 -0.039082557 1.6244359 -0.00022739172 -1.5697865 1.0055636
0.5446116 0.15422863 1.8653321 -3.6403537e-05 -1.5705633 0.79890764
0.36192292 -0.22770229 1.6087656 0.00015186518 -1.5704792 0.69178987
0.656862 -0.050081 1.8791826 9.6678734e-05 -1.5703454 2.2415252
0.7030742 -0.06273243 1.6567729 -4.7177076e-05 -1.5690227 1.900167
0.3484857 0.050541937 1.7732778 2.501905e-05 -1.5696695 2.3319168
0.19817251 0.07383233 1.782409 -0.00018467754 -1.5701413 1.8170815
0.6351528 0.037528157 1.8171549 0.000536941 -1.5719118 0.556632
0.38756877 0.0724493 1.622189 0.0004055053 -1.5702215 1.2886589
0.39663652 -0.21502662 1.6048676 -0.00024363399 -1.5697082 0.9064243
0.42281383 0.19327968 1.6609299 -6.1035156e-05 -1.5698626 1.2370458
0.49215698 -0.028935164 1.8118 -0.00033339113 -1.5697757 0.8233101
0.29981714 -0.13227247 1.6378329 0.00015693903 -1.5712086 0.7655742
0.45449346 0.26932162 1.7776105 -3.876537e-05 -1.5694542 1.525616
0.5719148 -0.12566909 1.9687562 -0.00017825514 -1.5706618 1.0596863
0.524938 0.042822838 1.9194117 -0.00015512109 -1.5698998 0.9748043
0.5766171 -0.02864641 2.017529 0.0006828606 -1.5702624 0.5558451
0.6834264 0.021158278 1.591296 0.0011864677 -1.5710037 0.5635307
0.29251042 0.26545843 1.7408317 -0.0004524216 -1.5707419 0.98944867
0.52318907 -0.0666486 1.9550872 -6.0983002e-05 -1.5708771 0.6918224
0.48907423 0.25468314 1.9228852 -0.00013319403 -1.5701611 0.98128283
0.43498304 -0.10664563 1.4516599 0.000103093684 -1.5703524 1.9064059
0.6361973 -0.011335298 1.7738869 0.00012131035 -1.569948 1.8957685
0.5162132 -0.28110334 1.628003 0.00083430856 -1.5712625 1.9946212
0.66711533 0.017420724 1.9793165 0.00013144314 -1.5692966 0.63847935
0.53187525 0.26586542 1.6618129 9.17986e-05 -1.5705867 1.650133
0.41772747 -0.03398998 2.0527377 0.00012652576 -1.5699598 1.7739106
0.3975186 -0.13603877 1.5519052 -1.9870698e-05 -1.569912 2.548543
0.642475 -0.19496553 1.8219604 -0.00036907196 -1.5703 1.512007
0.3110444 0.004716605 2.002657 -0.000108242035 -1.5687485 1.1703362
0.29009035 -0.03992501 2.0614731 0.00038349628 -1.5699081 1.7697928
0.274177 -0.13113773 1.5534754 0.0002593696 -1.5699345 1.335848
0.40976268 -0.08624452 1.8127549 0.00012797117 -1.5707175 2.1232958
0.5397048 -0.033341646 1.9318354 5.8300793e-05 -1.5701807 1.2815373
0.27896369 0.03265333 1.954572 -0.00010911375 -1.570437 1.4814094
0.48787588 0.28742772 1.7628782 -8.068979e-06 -1.570117 2.5333753
0.58649015 -0.02910778 2.0168674 0.0001681894 -1.5707567 0.6236382
0.6034808 -0.075301185 1.968355 -0.00013326108 -1.5705168 1.2575605
0.31426102 -0.23346983 1.7568283 -4.9248338e-05 -1.5702616 2.4841619
0.30014357 -0.13848542 1.6717119 5.7667494e-06 -1.5713382 2.0482917
0.4919206 0.19111496 1.6028438 0.0003029406 -1.5704181 1.36571
0.21586347 0.1847451 1.7258613 -0.00016148388 -1.5696877 1.6884332
0.26626736 -0.05179727 1.6878891 -2.4020672e-05 -1.5704546 0.91683054
0.26777577 -0.17726035 1.8954494 0.00027492642 -1.5697992 1.4570975
0.35151646 0.19868389 1.9028995 0.00031475723 -1.5702119 2.3682246
0.30753338 0.047593176 1.6671667 -0.00021868199 -1.5701753 0.74177665
0.29857808 0.205634 1.646476 -0.0004607588 -1.5700543 1.027072
0.62874174 -0.124185726 1.5760481 0.00046829134 -1.5741656 0.53343374
0.19826356 0.028489262 1.5951023 0.00040405244 -1.5707896 0.5983857
0.59564227 0.035976052 1.8383095 0.00015178323 -1.5703894 1.6736479
0.6344023 0.21389931 1.9174781 4.4956803e-05 -1.5701897 0.712506
0.512815 0.17665201 1.8639762 5.1528215e-05 -1.569768 2.3354993
0.37759507 0.29697144 1.6488771 -0.0003343746 -1.5710449 0.9592313
0.37758628 0.29702246 1.6490481 -0.0003347546 -1.571043 0.9591209
0.2620849 0.06260708 1.9216628 2.9601157e-05 -1.5709746 2.0652876
0.3417496 0.20191637 1.8898056 -0.00016782433 -1.569831 1.4810554
0.45284927 -0.23971397 1.7409623 6.132573e-05 -1.5705146 0.9228978
0.57477707 0.15081283 1.5753903 -6.2868e-05 -1.5697994 0.93552667
0.32576498 -0.22032633 1.7405638 -0.00017497689 -1.5710231 1.2047899
0.36706823 -0.22965792 1.8475018 0.00084947795 -1.5712328 1.5782237
0.3671882 -0.22974071 1.8474612 0.0008425787 -1.571226 1.5775384
0.29953945 0.06044662 1.5333421 -9.377301e-05 -1.5706632 2.2380695
